# 2pt_simulation
2.026152873016989081e-04
1.750877901048704854e-04
1.432585988564908210e-04
1.210477886315476474e-04
9.741103604781805724e-05
7.753289662144777173e-05
6.329129561094242319e-05
5.401129598918888290e-05
4.310213704888400926e-05
3.547492916929376546e-05
2.706009817670100326e-05
2.060878157305214749e-05
1.635630417557573592e-05
1.381991545932262202e-05
1.137601194540409362e-05
9.267279739960099634e-06
7.340579215019440420e-06
5.051241508745272345e-06
1.370971323089002339e-06
-2.032958316650187831e-06
4.119019979212479679e-05
4.391174760776960276e-05
4.063080960404792804e-05
3.840158945081200022e-05
3.748363074633994404e-05
3.708773697718003985e-05
3.581025214203261271e-05
3.431874097379899351e-05
2.602620193341761358e-05
2.250261069447578557e-05
1.813445112759478657e-05
1.529417688167389214e-05
1.428866190826980666e-05
1.199116536215804617e-05
9.232468005817136915e-06
7.387606553852604470e-06
5.628155978281433409e-06
4.063205660617370239e-06
3.004790056370562032e-06
3.397707197442653753e-06
1.037256296521125217e-03
9.240557271418075019e-04
8.760255964937547829e-04
8.053034120593063243e-04
6.934052757997439566e-04
6.162003374054038710e-04
5.180040948417873872e-04
4.312356871458310399e-04
3.575171203605292274e-04
2.936459283340247086e-04
2.543646253806845542e-04
2.245486192057489908e-04
1.831856766238868449e-04
1.418137169696202218e-04
1.224340406181840418e-04
9.189676265604087527e-05
8.000626722666086309e-05
7.481109896020267532e-05
7.938087188726709854e-05
8.573485286905103346e-05
3.704313250114658201e-02
3.158209854572145009e-02
2.612108476313354868e-02
2.170168617344948175e-02
1.802867436022746739e-02
1.504199778454471358e-02
1.272281157732955796e-02
1.085543271036796577e-02
9.172202944837124297e-03
7.697584797029781087e-03
6.332959557381735369e-03
5.196016256113902138e-03
4.185538330832446439e-03
3.493370267951449639e-03
2.697607231873857224e-03
2.279260676043225273e-03
1.863952994108608249e-03
1.392397868628728920e-03
8.910683153945302224e-04
1.678460011807532816e-04
