# 2pt_angle
3.301699201498767061e-04
4.161182624755855263e-04
5.238882784689997268e-04
6.595169504266514080e-04
8.302914839873288752e-04
1.045238127507247799e-03
1.315825289371219979e-03
1.656540439650900070e-03
2.085213489925726114e-03
2.625127847756335286e-03
3.304638321728740804e-03
4.159638408232681391e-03
5.236710964389873837e-03
6.591527206877491503e-03
8.296219544389495798e-03
1.044288771183667780e-02
1.314120165486994292e-02
1.653602350143516114e-02
2.080988097525437661e-02
2.617363481236610612e-02
3.295106060116441676e-04
4.153081974888944076e-04
5.228639878332962121e-04
6.582282815157211760e-04
8.286598263251675070e-04
1.043184201992700946e-03
1.313237604954449033e-03
1.653262165223671728e-03
2.081112285974089874e-03
2.619926324664875565e-03
3.298087033952308740e-03
4.151437236673107337e-03
5.226289321318372365e-03
6.578443771821205696e-03
8.279798497698682286e-03
1.042201962392139657e-02
1.311506172508667550e-02
1.650325624098985394e-02
2.076808831037097250e-02
2.612121876025415290e-02
3.300415396612042807e-04
4.161352988262899248e-04
5.238912018905254181e-04
6.595552941108236231e-04
8.303471199095729905e-04
1.045336523045351830e-03
1.315948987803032240e-03
1.656623540250433011e-03
2.085449173740662986e-03
2.625201319327834758e-03
3.304812772139298967e-03
4.159890253249702748e-03
5.236580631316128075e-03
6.591789735339325697e-03
8.296134575692119123e-03
1.044276333722895210e-02
1.314213618087381810e-02
1.653696163317671525e-02
2.081197387512269056e-02
2.617498428578087302e-02
3.299026603749672477e-04
4.158861685913731437e-04
5.236471120852279493e-04
6.593363592080277473e-04
8.301222766668673453e-04
1.045102941983043227e-03
1.315769878655294409e-03
1.656405303802486973e-03
2.085286337425297769e-03
2.625013209867690326e-03
3.304611548560734864e-03
4.159852059590320866e-03
5.236283934752405250e-03
6.591698645999798795e-03
8.296064167494487593e-03
1.044223151817733584e-02
1.314171801301418016e-02
1.653764150965392893e-02
2.081261632894890190e-02
2.617565267832492812e-02
