# 2pt_theory
2.098606047398080075e-04
1.801576968353232661e-04
1.504266228785823979e-04
1.254754773278137501e-04
1.035918849288091362e-04
8.517097976130642736e-05
6.993470850874636702e-05
5.750947249680433135e-05
4.744024840747898715e-05
3.926251762811338442e-05
3.255438837457974317e-05
2.696443113731926059e-05
2.222468250237534767e-05
1.814825506141190523e-05
1.461616680728822276e-05
1.155915001094169983e-05
8.938869676683903494e-06
6.731717799633103070e-06
4.916772620020059727e-06
3.468659436030532737e-06
3.911902606789686727e-05
4.237305319897651711e-05
4.075189741651730186e-05
4.017257763718604975e-05
3.844225390637917328e-05
3.600861237550716687e-05
3.300577948740284021e-05
2.961352122632213596e-05
2.602763991332221800e-05
2.244937410374406796e-05
1.905768431601652217e-05
1.598617933777995328e-05
1.331370233409471554e-05
1.106577484278078481e-05
9.223773647068886128e-06
7.738712995394940905e-06
6.545932512288823483e-06
5.577937251476970306e-06
4.773805157617586867e-06
4.084882961057471161e-06
1.031571443340942090e-03
9.310800144148203943e-04
8.677713527182897256e-04
7.730813388239912232e-04
6.807190944929960956e-04
5.888893481659282633e-04
5.020863499156530971e-04
4.233486016757883339e-04
3.546050002263796490e-04
2.965118140099715777e-04
2.486304278268152714e-04
2.097864227339523086e-04
1.784022619523097282e-04
1.527948834809700644e-04
1.314139169314403727e-04
1.129927455225298102e-04
9.661367394044956735e-05
8.171815771864290715e-05
6.804194599636573639e-05
5.551040764339930356e-05
3.668226426300118942e-02
3.118668693224936964e-02
2.571092174921821641e-02
2.151476538613291550e-02
1.795641554615876045e-02
1.505073062652078492e-02
1.266376362869299325e-02
1.068146168208986523e-02
9.004972120422696097e-03
7.558246377288398675e-03
6.288793499155813024e-03
5.163752597281086321e-03
4.165518730534428955e-03
3.286862000280710988e-03
2.525973615377618154e-03
1.882284592812984375e-03
1.353616077548616160e-03
9.342244791530982667e-04
6.148496678061204012e-04
3.835916256903726894e-04
