# 2pt_data
1.929236434278301226e-04
1.621969147003826336e-04
1.293106919023314565e-04
1.005203123355237705e-04
8.313341899409323736e-05
7.257126852758101032e-05
5.881051370456981620e-05
4.983836334496989466e-05
4.325356773703608161e-05
3.654188869804063491e-05
3.090309132315822890e-05
2.649327269097433599e-05
2.198355062018822757e-05
1.794738062293877562e-05
1.379190472207478625e-05
1.020024850829918175e-05
8.788355796185761689e-06
7.686533668383985194e-06
7.667604059572638824e-06
7.231095429634466152e-06
2.445199320044539930e-06
5.908690685884447929e-06
1.204264521873891515e-05
2.098581793608174942e-05
2.996803105061155337e-05
3.142563207829287517e-05
2.598148296016985996e-05
2.491411934638643053e-05
2.084653153919092415e-05
1.761678208365761007e-05
1.455053656199203803e-05
1.232129959194158129e-05
9.748781555567400959e-06
8.118669627363118705e-06
7.025350524964866448e-06
6.579539616665738240e-06
6.900404709036048946e-06
5.646696533369688902e-06
4.284805300445293051e-06
2.058105851994359487e-06
1.590584978096007049e-04
2.241947132152692754e-04
2.897421523011532479e-04
3.295320323741945273e-04
3.374694397939487266e-04
3.182431503577673698e-04
2.908696382117959348e-04
2.417223831316817767e-04
2.094615841480552639e-04
1.884730161862283927e-04
1.597905071169851367e-04
1.270261241642258842e-04
1.059709837492004038e-04
8.916770848616275798e-05
9.127005753353513136e-05
1.162641963142162769e-04
1.196603444004208097e-04
6.783395014931932975e-05
-1.608857717676247514e-05
-3.694124910261598700e-05
1.416390358894076143e-03
8.331952721388535821e-03
6.639255041451244503e-03
6.183988037233772127e-03
4.853314505311004043e-03
5.066170145366758609e-03
3.596382644707709492e-03
4.315953206737770977e-03
2.380743789985737251e-03
3.699960075757544303e-03
1.556600844620065725e-03
2.380270583799915397e-03
1.494514312307005949e-03
8.465272128989960888e-04
1.314080715488269132e-03
6.456145061838843610e-05
1.056222871768083474e-04
4.008860824919456577e-04
4.514577772697501339e-04
-3.654540332221733047e-04
