19
0.0
0.0
0.0
0.0
0.0
0.0
0.0
0.0
0.0
0.0
0.0
0.0
0.0
0.0
0.0
0.0
0.0
0.0
0.0
0.000000000000000000e+00
0.000000000000000000e+00
0.000000000000000000e+00
0.000000000000000000e+00
0.000000000000000000e+00
0.000000000000000000e+00
0.000000000000000000e+00
0.000000000000000000e+00
0.000000000000000000e+00
0.000000000000000000e+00
0.000000000000000000e+00
0.000000000000000000e+00
0.000000000000000000e+00
0.000000000000000000e+00
0.000000000000000000e+00
0.000000000000000000e+00
0.000000000000000000e+00
0.000000000000000000e+00
0.000000000000000000e+00
0.000000000000000000e+00
0.000000000000000000e+00
0.000000000000000000e+00
0.000000000000000000e+00
0.000000000000000000e+00
0.000000000000000000e+00
0.000000000000000000e+00
0.000000000000000000e+00
0.000000000000000000e+00
0.000000000000000000e+00
0.000000000000000000e+00
0.000000000000000000e+00
0.000000000000000000e+00
0.000000000000000000e+00
0.000000000000000000e+00
0.000000000000000000e+00
0.000000000000000000e+00
0.000000000000000000e+00
0.000000000000000000e+00
0.000000000000000000e+00
0.000000000000000000e+00
0.000000000000000000e+00
0.000000000000000000e+00
0.000000000000000000e+00
0.000000000000000000e+00
0.000000000000000000e+00
0.000000000000000000e+00
0.000000000000000000e+00
0.000000000000000000e+00
0.000000000000000000e+00
0.000000000000000000e+00
0.000000000000000000e+00
0.000000000000000000e+00
0.000000000000000000e+00
0.000000000000000000e+00
0.000000000000000000e+00
0.000000000000000000e+00
0.000000000000000000e+00
0.000000000000000000e+00
0.000000000000000000e+00
0.000000000000000000e+00
0.000000000000000000e+00
8.612500000000000364e-04
0.000000000000000000e+00
-1.526900000000000035e-04
0.000000000000000000e+00
6.478999999999999462e-05
1.606149999999999928e-04
-3.750000000000000095e-06
1.740400000000000074e-04
1.805049999999999938e-04
8.333999999999999828e-05
9.130000000000000677e-06
2.335000000000000090e-06
-9.599999999999999142e-07
-9.154500000000000528e-05
-2.708899999999999763e-04
0.000000000000000000e+00
0.000000000000000000e+00
0.000000000000000000e+00
0.000000000000000000e+00
0.000000000000000000e+00
0.000000000000000000e+00
0.000000000000000000e+00
0.000000000000000000e+00
0.000000000000000000e+00
0.000000000000000000e+00
0.000000000000000000e+00
0.000000000000000000e+00
0.000000000000000000e+00
0.000000000000000000e+00
0.000000000000000000e+00
0.000000000000000000e+00
0.000000000000000000e+00
0.000000000000000000e+00
0.000000000000000000e+00
0.000000000000000000e+00
0.000000000000000000e+00
0.000000000000000000e+00
0.000000000000000000e+00
-1.526900000000000035e-04
0.000000000000000000e+00
9.286999999999999682e-04
0.000000000000000000e+00
-2.653949999999999755e-04
-2.010500000000000148e-05
1.535850000000000008e-04
-1.911349999999999920e-04
-2.267249999999999951e-04
-9.850000000000000560e-06
-1.243500000000000037e-05
-5.037000000000000055e-05
-1.173850000000000018e-04
5.752500000000000235e-05
4.777200000000000001e-04
0.000000000000000000e+00
0.000000000000000000e+00
0.000000000000000000e+00
0.000000000000000000e+00
0.000000000000000000e+00
0.000000000000000000e+00
0.000000000000000000e+00
0.000000000000000000e+00
0.000000000000000000e+00
0.000000000000000000e+00
0.000000000000000000e+00
0.000000000000000000e+00
0.000000000000000000e+00
0.000000000000000000e+00
0.000000000000000000e+00
0.000000000000000000e+00
0.000000000000000000e+00
0.000000000000000000e+00
0.000000000000000000e+00
0.000000000000000000e+00
0.000000000000000000e+00
0.000000000000000000e+00
0.000000000000000000e+00
6.478999999999999462e-05
0.000000000000000000e+00
-2.653949999999999755e-04
0.000000000000000000e+00
4.962449999999999761e-04
4.033000000000000181e-05
-5.681499999999999729e-05
1.705000000000000108e-05
1.872000000000000034e-05
-5.832999999999999887e-05
1.264500000000000006e-05
3.996999999999999848e-05
2.307999999999999925e-05
-5.353500000000000158e-05
-1.696249999999999895e-04
0.000000000000000000e+00
0.000000000000000000e+00
0.000000000000000000e+00
0.000000000000000000e+00
1.606149999999999928e-04
0.000000000000000000e+00
-2.010500000000000148e-05
0.000000000000000000e+00
4.033000000000000181e-05
1.683450000000000018e-04
4.708500000000000066e-05
7.247999999999999723e-05
7.791000000000000453e-05
4.716999999999999730e-05
2.303000000000000142e-05
-1.554999999999999935e-06
-1.363999999999999985e-05
-8.517499999999999681e-05
-9.671000000000000072e-05
0.000000000000000000e+00
0.000000000000000000e+00
0.000000000000000000e+00
0.000000000000000000e+00
-3.750000000000000095e-06
0.000000000000000000e+00
1.535850000000000008e-04
0.000000000000000000e+00
-5.681499999999999729e-05
4.708500000000000066e-05
6.328500000000000141e-05
1.080000000000000036e-06
-9.789999999999999441e-06
1.900499999999999846e-05
4.989999999999999658e-06
-1.578000000000000138e-05
-2.848499999999999917e-05
-1.559499999999999892e-05
5.057500000000000282e-05
0.000000000000000000e+00
0.000000000000000000e+00
0.000000000000000000e+00
0.000000000000000000e+00
1.740400000000000074e-04
0.000000000000000000e+00
-1.911349999999999920e-04
0.000000000000000000e+00
1.705000000000000108e-05
7.247999999999999723e-05
1.080000000000000036e-06
1.404999999999999999e-04
1.254349999999999942e-04
5.121499999999999669e-05
6.114999999999999898e-06
-2.590000000000000190e-06
9.989999999999999220e-06
-4.445999999999999784e-05
-1.941649999999999951e-04
0.000000000000000000e+00
0.000000000000000000e+00
0.000000000000000000e+00
0.000000000000000000e+00
1.805049999999999938e-04
0.000000000000000000e+00
-2.267249999999999951e-04
0.000000000000000000e+00
1.872000000000000034e-05
7.791000000000000453e-05
-9.789999999999999441e-06
1.254349999999999942e-04
1.449450000000000022e-04
6.030499999999999945e-05
1.519499999999999936e-05
6.849999999999999637e-06
1.369500000000000017e-05
-5.837500000000000268e-05
-2.176550000000000023e-04
0.000000000000000000e+00
0.000000000000000000e+00
0.000000000000000000e+00
0.000000000000000000e+00
8.333999999999999828e-05
0.000000000000000000e+00
-9.850000000000000560e-06
0.000000000000000000e+00
-5.832999999999999887e-05
4.716999999999999730e-05
1.900499999999999846e-05
5.121499999999999669e-05
6.030499999999999945e-05
5.106999999999999723e-05
1.106499999999999994e-05
-1.689999999999999913e-06
-2.879999999999999954e-06
-3.786499999999999746e-05
-7.061999999999999810e-05
0.000000000000000000e+00
0.000000000000000000e+00
0.000000000000000000e+00
0.000000000000000000e+00
9.130000000000000677e-06
0.000000000000000000e+00
-1.243500000000000037e-05
0.000000000000000000e+00
1.264500000000000006e-05
2.303000000000000142e-05
4.989999999999999658e-06
6.114999999999999898e-06
1.519499999999999936e-05
1.106499999999999994e-05
1.835499999999999960e-05
5.130000000000000011e-06
6.749999999999999959e-07
-2.287500000000000037e-05
-3.863000000000000114e-05
0.000000000000000000e+00
0.000000000000000000e+00
0.000000000000000000e+00
0.000000000000000000e+00
2.335000000000000090e-06
0.000000000000000000e+00
-5.037000000000000055e-05
0.000000000000000000e+00
3.996999999999999848e-05
-1.554999999999999935e-06
-1.578000000000000138e-05
-2.590000000000000190e-06
6.849999999999999637e-06
-1.689999999999999913e-06
5.130000000000000011e-06
3.055500000000000138e-05
1.439500000000000024e-05
-2.179500000000000054e-05
-4.462000000000000308e-05
0.000000000000000000e+00
0.000000000000000000e+00
0.000000000000000000e+00
0.000000000000000000e+00
-9.599999999999999142e-07
0.000000000000000000e+00
-1.173850000000000018e-04
0.000000000000000000e+00
2.307999999999999925e-05
-1.363999999999999985e-05
-2.848499999999999917e-05
9.989999999999999220e-06
1.369500000000000017e-05
-2.879999999999999954e-06
6.749999999999999959e-07
1.439500000000000024e-05
4.763500000000000048e-05
-2.082000000000000056e-05
-6.422000000000000516e-05
0.000000000000000000e+00
0.000000000000000000e+00
0.000000000000000000e+00
0.000000000000000000e+00
-9.154500000000000528e-05
0.000000000000000000e+00
5.752500000000000235e-05
0.000000000000000000e+00
-5.353500000000000158e-05
-8.517499999999999681e-05
-1.559499999999999892e-05
-4.445999999999999784e-05
-5.837500000000000268e-05
-3.786499999999999746e-05
-2.287500000000000037e-05
-2.179500000000000054e-05
-2.082000000000000056e-05
9.663999999999999630e-05
9.872500000000000091e-05
0.000000000000000000e+00
0.000000000000000000e+00
0.000000000000000000e+00
0.000000000000000000e+00
-2.708899999999999763e-04
0.000000000000000000e+00
4.777200000000000001e-04
0.000000000000000000e+00
-1.696249999999999895e-04
-9.671000000000000072e-05
5.057500000000000282e-05
-1.941649999999999951e-04
-2.176550000000000023e-04
-7.061999999999999810e-05
-3.863000000000000114e-05
-4.462000000000000308e-05
-6.422000000000000516e-05
9.872500000000000091e-05
4.618499999999999776e-04
