# h
2.404611940699843400e-04
2.426310569622220097e-04
2.448681828186491903e-04
2.471724426008467448e-04
2.495436578168927738e-04
2.519816032572553188e-04
2.544860097626151438e-04
2.570565670050661898e-04
2.596929262653073001e-04
2.623947031897199897e-04
2.651614805125976251e-04
2.679928107302201453e-04
2.708882187149213357e-04
2.738472042587623790e-04
2.768692445378613770e-04
2.799537964898388132e-04
2.831002990981863190e-04
2.863081755786514820e-04
2.895768354639339766e-04
2.929056765841095270e-04
2.962940869412245166e-04
2.997414464774389659e-04
3.032471287369323883e-04
3.068105024225312302e-04
3.104309328486692357e-04
3.141077832928519599e-04
3.178404162482765757e-04
3.216281945806533657e-04
3.254704825926021234e-04
3.293666469992488719e-04
3.333160578188429260e-04
3.373180891823505489e-04
3.413721200660693885e-04
3.454775349513450073e-04
3.496337244154820462e-04
3.538400856579011419e-04
3.580960229655445271e-04
3.624009481214396215e-04
3.667542807602319093e-04
3.711554486743771854e-04
3.756038880745488648e-04
3.800990438076738589e-04
3.846403695358629592e-04
3.892273278793430529e-04
3.938593905263461630e-04
3.985360383127472964e-04
4.032567612740909149e-04
4.080210586724872810e-04
4.128284390007081394e-04
4.176784199656651572e-04
4.225705284533060047e-04
4.275043004768312336e-04
4.324792811099954066e-04
4.374950244071311401e-04
4.425510933114178494e-04
4.476470595527916449e-04
4.527825035367947148e-04
4.579570142255522613e-04
4.631701890119725219e-04
4.684216335881696207e-04
4.737109618090282713e-04
4.790377955517483672e-04
4.844017645721304059e-04
4.898025063582961240e-04
4.952396659824723690e-04
5.007128959514095794e-04
5.062218560559451561e-04
5.117662132201769533e-04
5.173456413506579126e-04
5.229598211859871892e-04
5.286084401471261756e-04
5.342911921887323742e-04
5.400077776517725209e-04
5.457579031176431825e-04
5.515412812639994061e-04
5.573576307224641351e-04
5.632066759383694190e-04
5.690881470326595226e-04
5.750017796660627286e-04
5.809473149056239901e-04
5.869244990936741107e-04
5.929330837192934569e-04
5.989728252923212691e-04
6.050434852199408197e-04
6.111448296858673071e-04
6.172766295321549654e-04
6.234386601436265338e-04
6.296307013349247608e-04
6.358525372401777022e-04
6.421039562052636117e-04
6.483847506826562320e-04
6.546947171288240329e-04
6.610336559041579164e-04
6.674013711753913961e-04
6.737976708204837560e-04
6.802223663359228262e-04
6.866752727464090975e-04
6.931562085168827990e-04
6.996649954668444958e-04
7.062014586869302859e-04
7.127654264576899863e-04
7.193567301705301471e-04
7.259752042507645366e-04
7.326206860827351279e-04
7.392930159369476414e-04
7.459920368991806603e-04
7.527175948015162781e-04
7.594695381552477162e-04
7.662477180856175091e-04
7.730519882683366002e-04
7.798822048678430386e-04
7.867382264772526841e-04
7.936199140599536688e-04
8.005271308928113344e-04
8.074597425109266129e-04
8.144176166539179298e-04
8.214006232136748017e-04
8.284086341835515807e-04
8.354415236089536394e-04
8.424991675392820610e-04
8.495814439811955271e-04
8.566882328531550328e-04
8.638194159412118569e-04
8.709748768560059357e-04
8.781545009909373428e-04
8.853581754814823616e-04
8.925857891656099148e-04
8.998372325452839299e-04
9.071123977490017695e-04
9.144111784953505096e-04
9.217334700575509267e-04
9.290791692289489690e-04
9.364481742894470136e-04
9.438403849728251461e-04
9.512557024349455222e-04
9.586940292227995883e-04
9.661552692443849339e-04
9.736393277393765380e-04
9.811461112505818951e-04
9.886755275961410950e-04
9.962274858424681728e-04
1.003801896277894696e-03
1.011398670387009301e-03
1.019017720825662063e-03
1.026658961396622856e-03
1.034322307025866599e-03
1.042007673739475410e-03
1.049714978641132094e-03
1.057444139890192144e-03
1.065195076680318462e-03
