# bin_1
0.000000000000000000e+00
2.063153473124434661e-05
2.063153473124434457e-03
7.881246267335341102e-03
1.697975308381409476e-02
3.263908186532567257e-02
3.457845865030549637e-02
6.069796387344381094e-02
8.184531352372427515e-02
7.990588936321318947e-02
8.135015659794425646e-02
1.065825282741516555e-01
1.431622461661514190e-01
1.489803400440667946e-01
1.566551556764466113e-01
1.562631567355994566e-01
1.615656989501605412e-01
2.178688850182110281e-01
2.027253469875891501e-01
2.251108851034608338e-01
2.379227255710235911e-01
2.013639665117567257e-01
2.539121560529472577e-01
2.938341534497500573e-01
3.142391981496482356e-01
2.875621703961955822e-01
2.604321054588017992e-01
2.417391971442017229e-01
2.383357111827678343e-01
2.619382088968507660e-01
2.885520535340790893e-01
3.103810975617692924e-01
3.445056877882494151e-01
3.287834638294783729e-01
4.088142414375470768e-01
2.860564954595806175e-01
3.035717800443615277e-01
3.312808617089423868e-01
4.680886959240508349e-01
4.151687600528771172e-01
3.640839474271338472e-01
4.437228307139705064e-01
3.303937048892696682e-01
3.291135677088252165e-01
3.286812859117619334e-01
3.701507093429741158e-01
3.738632748527846994e-01
5.610957411120631733e-01
4.399678878958209194e-01
3.964341276031267403e-01
4.631990176388781077e-01
4.358415771066456168e-01
4.013456189091397230e-01
4.083190841428460671e-01
4.956288662607275519e-01
5.142621136549229144e-01
5.988514848330175333e-01
5.103008552973146150e-01
5.921049666927157284e-01
5.946426478280585348e-01
5.530874015201092675e-01
6.299019735215619642e-01
5.912590729809348300e-01
5.926620186492544962e-01
5.820780314750196860e-01
6.037205315642444337e-01
6.900801031798200480e-01
6.032460058234891953e-01
5.956123308635148383e-01
6.320476551319330616e-01
6.733107630236866425e-01
6.865355891029935043e-01
6.059244962415729630e-01
6.220826145760747217e-01
5.578153240346687136e-01
6.061756864838037107e-01
6.417238539325493818e-01
6.489242662596602651e-01
6.799334918403130423e-01
6.228216382083354707e-01
6.833995929032202765e-01
7.182875506256978237e-01
7.501633014720773263e-01
7.111902960683161856e-01
6.969132607377694910e-01
6.552955105595983376e-01
7.702790665693071137e-01
8.240448961522618410e-01
8.920877610657632628e-01
8.854444006951909252e-01
9.763882904886155290e-01
1.053193288301944808e+00
8.602120102193836493e-01
8.741383091328506216e-01
8.541463333592959062e-01
8.956157567905081995e-01
8.165350105159626670e-01
7.110828999101792558e-01
6.678227696740833830e-01
7.712074864968715415e-01
7.812963163764052865e-01
7.744053773584824718e-01
7.235279653279504952e-01
7.365258443138528177e-01
7.003380986927850715e-01
7.519788782193145282e-01
7.358656345875846938e-01
7.334429994456899138e-01
7.656369669314848636e-01
6.913221096184369863e-01
6.942724218326972174e-01
6.416825908246576171e-01
6.399495402932039445e-01
6.909301100934652773e-01
7.331629010206749397e-01
6.940867378471844429e-01
7.092096668895120359e-01
7.057641973805506286e-01
6.089815778204430430e-01
5.930469484969438376e-01
6.362771236908377759e-01
6.782623359706969612e-01
7.307696407629532542e-01
6.813158059546866596e-01
6.375356484815363212e-01
5.867613942207338118e-01
6.864530628872099749e-01
6.208447213393220032e-01
5.699673093087901377e-01
6.068565277640176614e-01
5.853378169984682078e-01
6.276531341414613996e-01
6.517842823766029081e-01
6.168421998738220502e-01
5.817891897197774442e-01
5.522241729153362089e-01
4.800343656587134911e-01
4.374508383144239954e-01
4.824688890243268857e-01
5.836872926827981756e-01
5.992847474658808959e-01
5.270949402092582892e-01
5.118069587353636374e-01
5.797260343251898762e-01
5.766037960199195123e-01
5.202658958531730660e-01
4.912166678973786671e-01
4.981488700231933020e-01
5.026259172294484934e-01
5.253825212317505544e-01
4.843876235412934994e-01
4.858318323175048192e-01
5.447968134948204533e-01
5.196056861269050531e-01
5.037193895885799799e-01
4.570095514551150151e-01
4.197489650288617202e-01
4.209405771502225946e-01
4.028517223471886899e-01
3.994475159461190472e-01
4.289506380887227466e-01
4.233594869693901863e-01
3.643945057920744968e-01
3.716361812270772003e-01
3.754736502610103166e-01
3.690985000917343939e-01
3.555435691492934147e-01
3.599174585858192499e-01
3.539962026033526277e-01
3.447078940854735873e-01
3.412046391569090731e-01
3.278972868618186265e-01
3.166118268534240943e-01
3.146724607825116538e-01
3.003954254519649592e-01
2.686434639292606397e-01
2.370152917302316975e-01
2.500750653779716948e-01
2.673230444767245584e-01
2.889861761198950774e-01
2.877482828831425254e-01
2.726253538408149324e-01
2.647409442724920625e-01
2.646203109098147488e-01
2.576262141221625779e-01
2.699638833817967765e-01
2.673230444767245584e-01
2.689323056845029924e-01
2.438855991942086576e-01
2.466089643150643496e-01
2.490641192346237098e-01
2.370359232841775798e-01
2.278961448861542005e-01
2.165694217698678481e-01
2.195377484416761449e-01
2.235635185575200745e-01
2.268645671888603332e-01
2.001054417210582359e-01
1.855808277431610365e-01
2.052839617614732881e-01
1.978772338949035536e-01
1.869837734114806471e-01
1.765442071148670411e-01
1.686423219535962692e-01
1.734907371308772872e-01
1.754301032017897000e-01
1.714688448441813728e-01
1.660633777103616704e-01
1.634431703592353069e-01
1.569854939741759103e-01
1.544890759467248131e-01
1.460920334907530316e-01
1.315674195128558044e-01
1.308628266628014958e-01
1.428116164133586274e-01
1.458031917355107621e-01
1.392010944728301891e-01
1.343114161876574064e-01
1.156192283126930981e-01
1.075316591659094406e-01
1.036116639161928643e-01
9.581293652465144861e-02
9.308957140379572892e-02
9.907272204809998428e-02
1.007851410256077468e-01
9.428620153265658554e-02
9.292451897222872570e-02
9.775230259556386136e-02
9.929966914150462065e-02
1.018579818307933371e-01
9.540030544573392668e-02
1.024975600031155232e-01
1.039830318872186354e-01
9.993924731382680671e-02
8.675568434241157090e-02
8.487821293333680517e-02
7.660495980104024827e-02
7.738895885098355520e-02
7.689196830715136488e-02
7.996790309421814014e-02
7.414980488148090187e-02
6.878560085555295023e-02
6.298813419676160819e-02
6.022350596801412381e-02
6.177087251395487616e-02
6.121382055741621253e-02
6.216287203892653657e-02
5.487993349603205451e-02
5.494182815786969459e-02
5.306435674879490805e-02
5.296119897906552410e-02
5.355951404349595241e-02
5.188835817387993377e-02
4.670983813346488156e-02
4.848415177281027721e-02
4.670983813346488156e-02
4.856667798859378576e-02
4.592583908352156769e-02
4.644162793216848051e-02
4.320247396266584106e-02
3.932374182084101555e-02
3.548627278690794778e-02
3.451658975145174141e-02
3.404125240321968782e-02
3.464037907512700076e-02
3.408332711858833713e-02
3.072038382541042792e-02
2.861596532293100154e-02
2.878101775449801170e-02
3.154564598324549607e-02
3.292796009761923826e-02
3.065848916357279824e-02
2.750186140985366040e-02
2.706859877699024919e-02
2.455154919559329046e-02
2.432460210218864369e-02
2.500544338240257708e-02
2.488165405872732119e-02
2.273597244835614054e-02
1.986818644987927915e-02
1.863029321312667519e-02
1.924923983150297196e-02
1.755745240794108486e-02
1.532924458178639912e-02
1.667029558826838356e-02
1.660840092643075389e-02
1.716545288296942792e-02
1.712418977507767365e-02
1.834101417361351863e-02
1.821766213420913938e-02
1.898102963020657785e-02
1.763997862372459341e-02
1.697976889745653889e-02
1.446271931605957670e-02
1.398819357530441294e-02
1.194566973466261797e-02
1.242019547541778172e-02
1.326608918719872701e-02
1.246145858330953426e-02
1.161556487152859071e-02
1.190440662677086543e-02
