# Please cite the following papers in research using this covariance:
# arXiv: 1601.05779, https://arxiv.org/abs/1601.05779
# arXiv: 1911.11947, https://arxiv.org/abs/1911.11947
# arXiv: 2004.04833, https://arxiv.org/abs/2004.04833
########################################################
60 20 3.299863e-04 3.299863e-04 0 0 0 0 -7.155087e-13 0.000000e+00
60 21 3.299863e-04 4.154281e-04 0 0 0 0 1.126107e-12 0.000000e+00
60 22 3.299863e-04 5.229930e-04 0 0 0 0 2.635285e-12 0.000000e+00
60 23 3.299863e-04 6.584091e-04 0 0 0 0 6.862559e-12 0.000000e+00
60 24 3.299863e-04 8.288880e-04 0 0 0 0 1.508291e-11 0.000000e+00
60 25 3.299863e-04 1.043508e-03 0 0 0 0 2.666340e-11 0.000000e+00
60 26 3.299863e-04 1.313699e-03 0 0 0 0 3.828188e-11 0.000000e+00
60 27 3.299863e-04 1.653849e-03 0 0 0 0 5.047561e-11 0.000000e+00
60 28 3.299863e-04 2.082073e-03 0 0 0 0 6.234728e-11 0.000000e+00
60 29 3.299863e-04 2.621174e-03 0 0 0 0 7.411218e-11 0.000000e+00
60 30 3.299863e-04 3.299863e-03 0 0 0 0 8.608424e-11 0.000000e+00
60 31 3.299863e-04 4.154281e-03 0 0 0 0 9.917451e-11 0.000000e+00
60 32 3.299863e-04 5.229930e-03 0 0 0 0 1.146844e-10 0.000000e+00
60 33 3.299863e-04 6.584091e-03 0 0 0 0 1.341535e-10 0.000000e+00
60 34 3.299863e-04 8.288880e-03 0 0 0 0 1.592446e-10 0.000000e+00
60 35 3.299863e-04 1.043508e-02 0 0 0 0 1.914277e-10 0.000000e+00
60 36 3.299863e-04 1.313699e-02 0 0 0 0 2.315970e-10 0.000000e+00
60 37 3.299863e-04 1.653849e-02 0 0 0 0 2.794951e-10 0.000000e+00
60 38 3.299863e-04 2.082073e-02 0 0 0 0 3.330552e-10 0.000000e+00
60 39 3.299863e-04 2.621174e-02 0 0 0 0 3.878448e-10 0.000000e+00
61 20 4.154281e-04 3.299863e-04 0 0 0 0 -1.517954e-12 0.000000e+00
61 21 4.154281e-04 4.154281e-04 0 0 0 0 -5.734956e-13 0.000000e+00
61 22 4.154281e-04 5.229930e-04 0 0 0 0 -6.268684e-13 0.000000e+00
61 23 4.154281e-04 6.584091e-04 0 0 0 0 1.483059e-12 0.000000e+00
61 24 4.154281e-04 8.288880e-04 0 0 0 0 7.970916e-12 0.000000e+00
61 25 4.154281e-04 1.043508e-03 0 0 0 0 1.945047e-11 0.000000e+00
61 26 4.154281e-04 1.313699e-03 0 0 0 0 3.207836e-11 0.000000e+00
61 27 4.154281e-04 1.653849e-03 0 0 0 0 4.540522e-11 0.000000e+00
61 28 4.154281e-04 2.082073e-03 0 0 0 0 5.849505e-11 0.000000e+00
61 29 4.154281e-04 2.621174e-03 0 0 0 0 7.128360e-11 0.000000e+00
61 30 4.154281e-04 3.299863e-03 0 0 0 0 8.405071e-11 0.000000e+00
61 31 4.154281e-04 4.154281e-03 0 0 0 0 9.772395e-11 0.000000e+00
61 32 4.154281e-04 5.229930e-03 0 0 0 0 1.136421e-10 0.000000e+00
61 33 4.154281e-04 6.584091e-03 0 0 0 0 1.333928e-10 0.000000e+00
61 34 4.154281e-04 8.288880e-03 0 0 0 0 1.586782e-10 0.000000e+00
61 35 4.154281e-04 1.043508e-02 0 0 0 0 1.909974e-10 0.000000e+00
61 36 4.154281e-04 1.313699e-02 0 0 0 0 2.312653e-10 0.000000e+00
61 37 4.154281e-04 1.653849e-02 0 0 0 0 2.792386e-10 0.000000e+00
61 38 4.154281e-04 2.082073e-02 0 0 0 0 3.328584e-10 0.000000e+00
61 39 4.154281e-04 2.621174e-02 0 0 0 0 3.876968e-10 0.000000e+00
62 20 5.229930e-04 3.299863e-04 0 0 0 0 -1.802650e-12 0.000000e+00
62 21 5.229930e-04 4.154281e-04 0 0 0 0 -1.301159e-12 0.000000e+00
62 22 5.229930e-04 5.229930e-04 0 0 0 0 -2.406274e-12 0.000000e+00
62 23 5.229930e-04 6.584091e-04 0 0 0 0 -2.448596e-12 0.000000e+00
62 24 5.229930e-04 8.288880e-04 0 0 0 0 8.204200e-13 0.000000e+00
62 25 5.229930e-04 1.043508e-03 0 0 0 0 9.987282e-12 0.000000e+00
62 26 5.229930e-04 1.313699e-03 0 0 0 0 2.326875e-11 0.000000e+00
62 27 5.229930e-04 1.653849e-03 0 0 0 0 3.787009e-11 0.000000e+00
62 28 5.229930e-04 2.082073e-03 0 0 0 0 5.265384e-11 0.000000e+00
62 29 5.229930e-04 2.621174e-03 0 0 0 0 6.690179e-11 0.000000e+00
62 30 5.229930e-04 3.299863e-03 0 0 0 0 8.086553e-11 0.000000e+00
62 31 5.229930e-04 4.154281e-03 0 0 0 0 9.544271e-11 0.000000e+00
62 32 5.229930e-04 5.229930e-03 0 0 0 0 1.119977e-10 0.000000e+00
62 33 5.229930e-04 6.584091e-03 0 0 0 0 1.321937e-10 0.000000e+00
62 34 5.229930e-04 8.288880e-03 0 0 0 0 1.577825e-10 0.000000e+00
62 35 5.229930e-04 1.043508e-02 0 0 0 0 1.903159e-10 0.000000e+00
62 36 5.229930e-04 1.313699e-02 0 0 0 0 2.307399e-10 0.000000e+00
62 37 5.229930e-04 1.653849e-02 0 0 0 0 2.788323e-10 0.000000e+00
62 38 5.229930e-04 2.082073e-02 0 0 0 0 3.325467e-10 0.000000e+00
62 39 5.229930e-04 2.621174e-02 0 0 0 0 3.874623e-10 0.000000e+00
63 20 6.584091e-04 3.299863e-04 0 0 0 0 -1.385184e-12 0.000000e+00
63 21 6.584091e-04 4.154281e-04 0 0 0 0 -6.253785e-13 0.000000e+00
63 22 6.584091e-04 5.229930e-04 0 0 0 0 -1.764918e-12 0.000000e+00
63 23 6.584091e-04 6.584091e-04 0 0 0 0 -3.174758e-12 0.000000e+00
63 24 6.584091e-04 8.288880e-04 0 0 0 0 -3.931067e-12 0.000000e+00
63 25 6.584091e-04 1.043508e-03 0 0 0 0 2.117428e-15 0.000000e+00
63 26 6.584091e-04 1.313699e-03 0 0 0 0 1.170635e-11 0.000000e+00
63 27 6.584091e-04 1.653849e-03 0 0 0 0 2.722653e-11 0.000000e+00
63 28 6.584091e-04 2.082073e-03 0 0 0 0 4.394811e-11 0.000000e+00
63 29 6.584091e-04 2.621174e-03 0 0 0 0 6.020988e-11 0.000000e+00
63 30 6.584091e-04 3.299863e-03 0 0 0 0 7.593308e-11 0.000000e+00
63 31 6.584091e-04 4.154281e-03 0 0 0 0 9.187522e-11 0.000000e+00
63 32 6.584091e-04 5.229930e-03 0 0 0 0 1.094147e-10 0.000000e+00
63 33 6.584091e-04 6.584091e-03 0 0 0 0 1.303033e-10 0.000000e+00
63 34 6.584091e-04 8.288880e-03 0 0 0 0 1.563678e-10 0.000000e+00
63 35 6.584091e-04 1.043508e-02 0 0 0 0 1.892384e-10 0.000000e+00
63 36 6.584091e-04 1.313699e-02 0 0 0 0 2.299086e-10 0.000000e+00
63 37 6.584091e-04 1.653849e-02 0 0 0 0 2.781890e-10 0.000000e+00
63 38 6.584091e-04 2.082073e-02 0 0 0 0 3.320530e-10 0.000000e+00
63 39 6.584091e-04 2.621174e-02 0 0 0 0 3.870906e-10 0.000000e+00
64 20 8.288880e-04 3.299863e-04 0 0 0 0 -8.859914e-13 0.000000e+00
64 21 8.288880e-04 4.154281e-04 0 0 0 0 3.656181e-13 0.000000e+00
64 22 8.288880e-04 5.229930e-04 0 0 0 0 -1.128357e-13 0.000000e+00
64 23 8.288880e-04 6.584091e-04 0 0 0 0 -1.328636e-12 0.000000e+00
64 24 8.288880e-04 8.288880e-04 0 0 0 0 -4.147432e-12 0.000000e+00
64 25 8.288880e-04 1.043508e-03 0 0 0 0 -6.157850e-12 0.000000e+00
64 26 8.288880e-04 1.313699e-03 0 0 0 0 -8.053870e-13 0.000000e+00
64 27 8.288880e-04 1.653849e-03 0 0 0 0 1.340349e-11 0.000000e+00
64 28 8.288880e-04 2.082073e-03 0 0 0 0 3.147574e-11 0.000000e+00
64 29 8.288880e-04 2.621174e-03 0 0 0 0 5.023901e-11 0.000000e+00
64 30 8.288880e-04 3.299863e-03 0 0 0 0 6.841309e-11 0.000000e+00
64 31 8.288880e-04 4.154281e-03 0 0 0 0 8.634804e-11 0.000000e+00
64 32 8.288880e-04 5.229930e-03 0 0 0 0 1.053801e-10 0.000000e+00
64 33 8.288880e-04 6.584091e-03 0 0 0 0 1.273280e-10 0.000000e+00
64 34 8.288880e-04 8.288880e-03 0 0 0 0 1.541383e-10 0.000000e+00
64 35 8.288880e-04 1.043508e-02 0 0 0 0 1.875374e-10 0.000000e+00
64 36 8.288880e-04 1.313699e-02 0 0 0 0 2.285947e-10 0.000000e+00
64 37 8.288880e-04 1.653849e-02 0 0 0 0 2.771708e-10 0.000000e+00
64 38 8.288880e-04 2.082073e-02 0 0 0 0 3.312709e-10 0.000000e+00
64 39 8.288880e-04 2.621174e-02 0 0 0 0 3.865021e-10 0.000000e+00
65 20 1.043508e-03 3.299863e-04 0 0 0 0 -1.069757e-12 0.000000e+00
65 21 1.043508e-03 4.154281e-04 0 0 0 0 1.310522e-13 0.000000e+00
65 22 1.043508e-03 5.229930e-04 0 0 0 0 -1.144206e-13 0.000000e+00
65 23 1.043508e-03 6.584091e-04 0 0 0 0 -3.104333e-13 0.000000e+00
65 24 1.043508e-03 8.288880e-04 0 0 0 0 -1.542300e-12 0.000000e+00
65 25 1.043508e-03 1.043508e-03 0 0 0 0 -5.095836e-12 0.000000e+00
65 26 1.043508e-03 1.313699e-03 0 0 0 0 -8.457019e-12 0.000000e+00
65 27 1.043508e-03 1.653849e-03 0 0 0 0 -1.670494e-12 0.000000e+00
65 28 1.043508e-03 2.082073e-03 0 0 0 0 1.516964e-11 0.000000e+00
65 29 1.043508e-03 2.621174e-03 0 0 0 0 3.601251e-11 0.000000e+00
65 30 1.043508e-03 3.299863e-03 0 0 0 0 5.719023e-11 0.000000e+00
65 31 1.043508e-03 4.154281e-03 0 0 0 0 7.790357e-11 0.000000e+00
65 32 1.043508e-03 5.229930e-03 0 0 0 0 9.912553e-11 0.000000e+00
65 33 1.043508e-03 6.584091e-03 0 0 0 0 1.226772e-10 0.000000e+00
65 34 1.043508e-03 8.288880e-03 0 0 0 0 1.506362e-10 0.000000e+00
65 35 1.043508e-03 1.043508e-02 0 0 0 0 1.848570e-10 0.000000e+00
65 36 1.043508e-03 1.313699e-02 0 0 0 0 2.265199e-10 0.000000e+00
65 37 1.043508e-03 1.653849e-02 0 0 0 0 2.755608e-10 0.000000e+00
65 38 1.043508e-03 2.082073e-02 0 0 0 0 3.300332e-10 0.000000e+00
65 39 1.043508e-03 2.621174e-02 0 0 0 0 3.855703e-10 0.000000e+00
66 20 1.313699e-03 3.299863e-04 0 0 0 0 -1.072736e-12 0.000000e+00
66 21 1.313699e-03 4.154281e-04 0 0 0 0 1.065034e-13 0.000000e+00
66 22 1.313699e-03 5.229930e-04 0 0 0 0 -1.740863e-13 0.000000e+00
66 23 1.313699e-03 6.584091e-04 0 0 0 0 -2.483333e-13 0.000000e+00
66 24 1.313699e-03 8.288880e-04 0 0 0 0 -4.677747e-13 0.000000e+00
66 25 1.313699e-03 1.043508e-03 0 0 0 0 -1.558595e-12 0.000000e+00
66 26 1.313699e-03 1.313699e-03 0 0 0 0 -6.134560e-12 0.000000e+00
66 27 1.313699e-03 1.653849e-03 0 0 0 0 -1.088341e-11 0.000000e+00
66 28 1.313699e-03 2.082073e-03 0 0 0 0 -2.503174e-12 0.000000e+00
66 29 1.313699e-03 2.621174e-03 0 0 0 0 1.730538e-11 0.000000e+00
66 30 1.313699e-03 3.299863e-03 0 0 0 0 4.112040e-11 0.000000e+00
66 31 1.313699e-03 4.154281e-03 0 0 0 0 6.528700e-11 0.000000e+00
66 32 1.313699e-03 5.229930e-03 0 0 0 0 8.956091e-11 0.000000e+00
66 33 1.313699e-03 6.584091e-03 0 0 0 0 1.154757e-10 0.000000e+00
66 34 1.313699e-03 8.288880e-03 0 0 0 0 1.451637e-10 0.000000e+00
66 35 1.313699e-03 1.043508e-02 0 0 0 0 1.806464e-10 0.000000e+00
66 36 1.313699e-03 1.313699e-02 0 0 0 0 2.232498e-10 0.000000e+00
66 37 1.313699e-03 1.653849e-02 0 0 0 0 2.730188e-10 0.000000e+00
66 38 1.313699e-03 2.082073e-02 0 0 0 0 3.280765e-10 0.000000e+00
66 39 1.313699e-03 2.621174e-02 0 0 0 0 3.840956e-10 0.000000e+00
67 20 1.653849e-03 3.299863e-04 0 0 0 0 -1.030478e-12 0.000000e+00
67 21 1.653849e-03 4.154281e-04 0 0 0 0 1.983927e-13 0.000000e+00
67 22 1.653849e-03 5.229930e-04 0 0 0 0 5.876095e-16 0.000000e+00
67 23 1.653849e-03 6.584091e-04 0 0 0 0 7.976571e-15 0.000000e+00
67 24 1.653849e-03 8.288880e-04 0 0 0 0 -1.624884e-13 0.000000e+00
67 25 1.653849e-03 1.043508e-03 0 0 0 0 -4.877361e-13 0.000000e+00
67 26 1.653849e-03 1.313699e-03 0 0 0 0 -1.626892e-12 0.000000e+00
67 27 1.653849e-03 1.653849e-03 0 0 0 0 -7.050475e-12 0.000000e+00
67 28 1.653849e-03 2.082073e-03 0 0 0 0 -1.328100e-11 0.000000e+00
67 29 1.653849e-03 2.621174e-03 0 0 0 0 -3.164963e-12 0.000000e+00
67 30 1.653849e-03 3.299863e-03 0 0 0 0 1.992878e-11 0.000000e+00
67 31 1.653849e-03 4.154281e-03 0 0 0 0 4.721595e-11 0.000000e+00
67 32 1.653849e-03 5.229930e-03 0 0 0 0 7.527873e-11 0.000000e+00
67 33 1.653849e-03 6.584091e-03 0 0 0 0 1.044637e-10 0.000000e+00
67 34 1.653849e-03 8.288880e-03 0 0 0 0 1.366863e-10 0.000000e+00
67 35 1.653849e-03 1.043508e-02 0 0 0 0 1.740699e-10 0.000000e+00
67 36 1.653849e-03 1.313699e-02 0 0 0 0 2.181157e-10 0.000000e+00
67 37 1.653849e-03 1.653849e-02 0 0 0 0 2.690135e-10 0.000000e+00
67 38 1.653849e-03 2.082073e-02 0 0 0 0 3.249866e-10 0.000000e+00
67 39 1.653849e-03 2.621174e-02 0 0 0 0 3.817640e-10 0.000000e+00
68 20 2.082073e-03 3.299863e-04 0 0 0 0 -1.017775e-12 0.000000e+00
68 21 2.082073e-03 4.154281e-04 0 0 0 0 2.161055e-13 0.000000e+00
68 22 2.082073e-03 5.229930e-04 0 0 0 0 1.610849e-14 0.000000e+00
68 23 2.082073e-03 6.584091e-04 0 0 0 0 1.862884e-14 0.000000e+00
68 24 2.082073e-03 8.288880e-04 0 0 0 0 -7.848412e-14 0.000000e+00
68 25 2.082073e-03 1.043508e-03 0 0 0 0 -1.148797e-13 0.000000e+00
68 26 2.082073e-03 1.313699e-03 0 0 0 0 -3.991698e-13 0.000000e+00
68 27 2.082073e-03 1.653849e-03 0 0 0 0 -1.596048e-12 0.000000e+00
68 28 2.082073e-03 2.082073e-03 0 0 0 0 -7.865272e-12 0.000000e+00
68 29 2.082073e-03 2.621174e-03 0 0 0 0 -1.555020e-11 0.000000e+00
68 30 2.082073e-03 3.299863e-03 0 0 0 0 -3.444734e-12 0.000000e+00
68 31 2.082073e-03 4.154281e-03 0 0 0 0 2.328695e-11 0.000000e+00
68 32 2.082073e-03 5.229930e-03 0 0 0 0 5.480306e-11 0.000000e+00
68 33 2.082073e-03 6.584091e-03 0 0 0 0 8.802760e-11 0.000000e+00
68 34 2.082073e-03 8.288880e-03 0 0 0 0 1.237379e-10 0.000000e+00
68 35 2.082073e-03 1.043508e-02 0 0 0 0 1.638865e-10 0.000000e+00
68 36 2.082073e-03 1.313699e-02 0 0 0 0 2.100976e-10 0.000000e+00
68 37 2.082073e-03 1.653849e-02 0 0 0 0 2.627251e-10 0.000000e+00
68 38 2.082073e-03 2.082073e-02 0 0 0 0 3.201187e-10 0.000000e+00
68 39 2.082073e-03 2.621174e-02 0 0 0 0 3.780822e-10 0.000000e+00
69 20 2.621174e-03 3.299863e-04 0 0 0 0 -1.033418e-12 0.000000e+00
69 21 2.621174e-03 4.154281e-04 0 0 0 0 1.898645e-13 0.000000e+00
69 22 2.621174e-03 5.229930e-04 0 0 0 0 -1.327936e-14 0.000000e+00
69 23 2.621174e-03 6.584091e-04 0 0 0 0 1.418027e-14 0.000000e+00
69 24 2.621174e-03 8.288880e-04 0 0 0 0 -2.898427e-14 0.000000e+00
69 25 2.621174e-03 1.043508e-03 0 0 0 0 -2.554855e-14 0.000000e+00
69 26 2.621174e-03 1.313699e-03 0 0 0 0 -1.083042e-13 0.000000e+00
69 27 2.621174e-03 1.653849e-03 0 0 0 0 -3.432148e-13 0.000000e+00
69 28 2.621174e-03 2.082073e-03 0 0 0 0 -1.473797e-12 0.000000e+00
69 29 2.621174e-03 2.621174e-03 0 0 0 0 -8.578447e-12 0.000000e+00
69 30 2.621174e-03 3.299863e-03 0 0 0 0 -1.767688e-11 0.000000e+00
69 31 2.621174e-03 4.154281e-03 0 0 0 0 -3.275705e-12 0.000000e+00
69 32 2.621174e-03 5.229930e-03 0 0 0 0 2.764907e-11 0.000000e+00
69 33 2.621174e-03 6.584091e-03 0 0 0 0 6.447479e-11 0.000000e+00
69 34 2.621174e-03 8.288880e-03 0 0 0 0 1.044247e-10 0.000000e+00
69 35 2.621174e-03 1.043508e-02 0 0 0 0 1.483444e-10 0.000000e+00
69 36 2.621174e-03 1.313699e-02 0 0 0 0 1.976884e-10 0.000000e+00
69 37 2.621174e-03 1.653849e-02 0 0 0 0 2.529072e-10 0.000000e+00
69 38 2.621174e-03 2.082073e-02 0 0 0 0 3.124761e-10 0.000000e+00
69 39 2.621174e-03 2.621174e-02 0 0 0 0 3.722815e-10 0.000000e+00
70 20 3.299863e-03 3.299863e-04 0 0 0 0 -1.035416e-12 0.000000e+00
70 21 3.299863e-03 4.154281e-04 0 0 0 0 1.858403e-13 0.000000e+00
70 22 3.299863e-03 5.229930e-04 0 0 0 0 -1.712187e-14 0.000000e+00
70 23 3.299863e-03 6.584091e-04 0 0 0 0 1.569798e-14 0.000000e+00
70 24 3.299863e-03 8.288880e-04 0 0 0 0 -1.758354e-14 0.000000e+00
70 25 3.299863e-03 1.043508e-03 0 0 0 0 -3.224229e-15 0.000000e+00
70 26 3.299863e-03 1.313699e-03 0 0 0 0 -3.857445e-14 0.000000e+00
70 27 3.299863e-03 1.653849e-03 0 0 0 0 -9.726744e-14 0.000000e+00
70 28 3.299863e-03 2.082073e-03 0 0 0 0 -3.110594e-13 0.000000e+00
70 29 3.299863e-03 2.621174e-03 0 0 0 0 -1.366732e-12 0.000000e+00
70 30 3.299863e-03 3.299863e-03 0 0 0 0 -9.254961e-12 0.000000e+00
70 31 3.299863e-03 4.154281e-03 0 0 0 0 -1.970238e-11 0.000000e+00
70 32 3.299863e-03 5.229930e-03 0 0 0 0 -2.660260e-12 0.000000e+00
70 33 3.299863e-03 6.584091e-03 0 0 0 0 3.323807e-11 0.000000e+00
70 34 3.299863e-03 8.288880e-03 0 0 0 0 7.678689e-11 0.000000e+00
70 35 3.299863e-03 1.043508e-02 0 0 0 0 1.251903e-10 0.000000e+00
70 36 3.299863e-03 1.313699e-02 0 0 0 0 1.787631e-10 0.000000e+00
70 37 3.299863e-03 1.653849e-02 0 0 0 0 2.377179e-10 0.000000e+00
70 38 3.299863e-03 2.082073e-02 0 0 0 0 3.005455e-10 0.000000e+00
70 39 3.299863e-03 2.621174e-02 0 0 0 0 3.631743e-10 0.000000e+00
71 20 4.154281e-03 3.299863e-04 0 0 0 0 -1.032496e-12 0.000000e+00
71 21 4.154281e-03 4.154281e-04 0 0 0 0 1.888996e-13 0.000000e+00
71 22 4.154281e-03 5.229930e-04 0 0 0 0 -1.398738e-14 0.000000e+00
71 23 4.154281e-03 6.584091e-04 0 0 0 0 1.649394e-14 0.000000e+00
71 24 4.154281e-03 8.288880e-04 0 0 0 0 -1.840409e-14 0.000000e+00
71 25 4.154281e-03 1.043508e-03 0 0 0 0 4.996084e-15 0.000000e+00
71 26 4.154281e-03 1.313699e-03 0 0 0 0 -2.074577e-14 0.000000e+00
71 27 4.154281e-03 1.653849e-03 0 0 0 0 -4.096484e-14 0.000000e+00
71 28 4.154281e-03 2.082073e-03 0 0 0 0 -1.155409e-13 0.000000e+00
71 29 4.154281e-03 2.621174e-03 0 0 0 0 -3.406202e-13 0.000000e+00
71 30 4.154281e-03 3.299863e-03 0 0 0 0 -1.363078e-12 0.000000e+00
71 31 4.154281e-03 4.154281e-03 0 0 0 0 -1.004493e-11 0.000000e+00
71 32 4.154281e-03 5.229930e-03 0 0 0 0 -2.180529e-11 0.000000e+00
71 33 4.154281e-03 6.584091e-03 0 0 0 0 -1.732318e-12 0.000000e+00
71 34 4.154281e-03 8.288880e-03 0 0 0 0 4.018795e-11 0.000000e+00
71 35 4.154281e-03 1.043508e-02 0 0 0 0 9.211684e-11 0.000000e+00
71 36 4.154281e-03 1.313699e-02 0 0 0 0 1.506026e-10 0.000000e+00
71 37 4.154281e-03 1.653849e-02 0 0 0 0 2.145669e-10 0.000000e+00
71 38 4.154281e-03 2.082073e-02 0 0 0 0 2.820912e-10 0.000000e+00
71 39 4.154281e-03 2.621174e-02 0 0 0 0 3.489568e-10 0.000000e+00
72 20 5.229930e-03 3.299863e-04 0 0 0 0 -1.030189e-12 0.000000e+00
72 21 5.229930e-03 4.154281e-04 0 0 0 0 1.904435e-13 0.000000e+00
72 22 5.229930e-03 5.229930e-04 0 0 0 0 -1.147156e-14 0.000000e+00
72 23 5.229930e-03 6.584091e-04 0 0 0 0 1.951588e-14 0.000000e+00
72 24 5.229930e-03 8.288880e-04 0 0 0 0 -1.743948e-14 0.000000e+00
72 25 5.229930e-03 1.043508e-03 0 0 0 0 5.285133e-15 0.000000e+00
72 26 5.229930e-03 1.313699e-03 0 0 0 0 -1.236887e-14 0.000000e+00
72 27 5.229930e-03 1.653849e-03 0 0 0 0 -2.506247e-14 0.000000e+00
72 28 5.229930e-03 2.082073e-03 0 0 0 0 -6.356608e-14 0.000000e+00
72 29 5.229930e-03 2.621174e-03 0 0 0 0 -1.666747e-13 0.000000e+00
72 30 5.229930e-03 3.299863e-03 0 0 0 0 -4.553361e-13 0.000000e+00
72 31 5.229930e-03 4.154281e-03 0 0 0 0 -1.566782e-12 0.000000e+00
72 32 5.229930e-03 5.229930e-03 0 0 0 0 -1.118016e-11 0.000000e+00
72 33 5.229930e-03 6.584091e-03 0 0 0 0 -2.431804e-11 0.000000e+00
72 34 5.229930e-03 8.288880e-03 0 0 0 0 -7.918676e-13 0.000000e+00
72 35 5.229930e-03 1.043508e-02 0 0 0 0 4.843649e-11 0.000000e+00
72 36 5.229930e-03 1.313699e-02 0 0 0 0 1.104581e-10 0.000000e+00
72 37 5.229930e-03 1.653849e-02 0 0 0 0 1.801540e-10 0.000000e+00
72 38 5.229930e-03 2.082073e-02 0 0 0 0 2.539733e-10 0.000000e+00
72 39 5.229930e-03 2.621174e-02 0 0 0 0 3.269641e-10 0.000000e+00
73 20 6.584091e-03 3.299863e-04 0 0 0 0 -1.025810e-12 0.000000e+00
73 21 6.584091e-03 4.154281e-04 0 0 0 0 1.937848e-13 0.000000e+00
73 22 6.584091e-03 5.229930e-04 0 0 0 0 -7.217575e-15 0.000000e+00
73 23 6.584091e-03 6.584091e-04 0 0 0 0 2.247831e-14 0.000000e+00
73 24 6.584091e-03 8.288880e-04 0 0 0 0 -1.864379e-14 0.000000e+00
73 25 6.584091e-03 1.043508e-03 0 0 0 0 5.451338e-15 0.000000e+00
73 26 6.584091e-03 1.313699e-03 0 0 0 0 -7.134302e-15 0.000000e+00
73 27 6.584091e-03 1.653849e-03 0 0 0 0 -1.688235e-14 0.000000e+00
73 28 6.584091e-03 2.082073e-03 0 0 0 0 -3.975420e-14 0.000000e+00
73 29 6.584091e-03 2.621174e-03 0 0 0 0 -1.020997e-13 0.000000e+00
73 30 6.584091e-03 3.299863e-03 0 0 0 0 -2.619302e-13 0.000000e+00
73 31 6.584091e-03 4.154281e-03 0 0 0 0 -6.884484e-13 0.000000e+00
73 32 6.584091e-03 5.229930e-03 0 0 0 0 -2.080873e-12 0.000000e+00
73 33 6.584091e-03 6.584091e-03 0 0 0 0 -1.295958e-11 0.000000e+00
73 34 6.584091e-03 8.288880e-03 0 0 0 0 -2.775106e-11 0.000000e+00
73 35 6.584091e-03 1.043508e-02 0 0 0 0 -3.438231e-13 0.000000e+00
73 36 6.584091e-03 1.313699e-02 0 0 0 0 5.761064e-11 0.000000e+00
73 37 6.584091e-03 1.653849e-02 0 0 0 0 1.311837e-10 0.000000e+00
73 38 6.584091e-03 2.082073e-02 0 0 0 0 2.122037e-10 0.000000e+00
73 39 6.584091e-03 2.621174e-02 0 0 0 0 2.934547e-10 0.000000e+00
74 20 8.288880e-03 3.299863e-04 0 0 0 0 -1.023545e-12 0.000000e+00
74 21 8.288880e-03 4.154281e-04 0 0 0 0 1.910469e-13 0.000000e+00
74 22 8.288880e-03 5.229930e-04 0 0 0 0 -1.078933e-14 0.000000e+00
74 23 8.288880e-03 6.584091e-04 0 0 0 0 2.057730e-14 0.000000e+00
74 24 8.288880e-03 8.288880e-04 0 0 0 0 -1.705524e-14 0.000000e+00
74 25 8.288880e-03 1.043508e-03 0 0 0 0 7.454335e-15 0.000000e+00
74 26 8.288880e-03 1.313699e-03 0 0 0 0 -6.051061e-15 0.000000e+00
74 27 8.288880e-03 1.653849e-03 0 0 0 0 -1.003318e-14 0.000000e+00
74 28 8.288880e-03 2.082073e-03 0 0 0 0 -2.453159e-14 0.000000e+00
74 29 8.288880e-03 2.621174e-03 0 0 0 0 -6.309946e-14 0.000000e+00
74 30 8.288880e-03 3.299863e-03 0 0 0 0 -1.598917e-13 0.000000e+00
74 31 8.288880e-03 4.154281e-03 0 0 0 0 -4.097821e-13 0.000000e+00
74 32 8.288880e-03 5.229930e-03 0 0 0 0 -1.067602e-12 0.000000e+00
74 33 8.288880e-03 6.584091e-03 0 0 0 0 -3.008084e-12 0.000000e+00
74 34 8.288880e-03 8.288880e-03 0 0 0 0 -1.573044e-11 0.000000e+00
74 35 8.288880e-03 1.043508e-02 0 0 0 0 -3.278053e-11 0.000000e+00
74 36 8.288880e-03 1.313699e-02 0 0 0 0 -1.121360e-12 0.000000e+00
74 37 8.288880e-03 1.653849e-02 0 0 0 0 6.692780e-11 0.000000e+00
74 38 8.288880e-03 2.082073e-02 0 0 0 0 1.528384e-10 0.000000e+00
74 39 8.288880e-03 2.621174e-02 0 0 0 0 2.436812e-10 0.000000e+00
75 20 1.043508e-02 3.299863e-04 0 0 0 0 -1.017933e-12 0.000000e+00
75 21 1.043508e-02 4.154281e-04 0 0 0 0 1.903195e-13 0.000000e+00
75 22 1.043508e-02 5.229930e-04 0 0 0 0 -1.168011e-14 0.000000e+00
75 23 1.043508e-02 6.584091e-04 0 0 0 0 2.049969e-14 0.000000e+00
75 24 1.043508e-02 8.288880e-04 0 0 0 0 -1.666524e-14 0.000000e+00
75 25 1.043508e-02 1.043508e-03 0 0 0 0 8.223908e-15 0.000000e+00
75 26 1.043508e-02 1.313699e-03 0 0 0 0 -4.568441e-15 0.000000e+00
75 27 1.043508e-02 1.653849e-03 0 0 0 0 -5.881200e-15 0.000000e+00
75 28 1.043508e-02 2.082073e-03 0 0 0 0 -1.428812e-14 0.000000e+00
75 29 1.043508e-02 2.621174e-03 0 0 0 0 -3.709814e-14 0.000000e+00
75 30 1.043508e-02 3.299863e-03 0 0 0 0 -9.352491e-14 0.000000e+00
75 31 1.043508e-02 4.154281e-03 0 0 0 0 -2.386658e-13 0.000000e+00
75 32 1.043508e-02 5.229930e-03 0 0 0 0 -6.141675e-13 0.000000e+00
75 33 1.043508e-02 6.584091e-03 0 0 0 0 -1.606918e-12 0.000000e+00
75 34 1.043508e-02 8.288880e-03 0 0 0 0 -4.425571e-12 0.000000e+00
75 35 1.043508e-02 1.043508e-02 0 0 0 0 -1.985136e-11 0.000000e+00
75 36 1.043508e-02 1.313699e-02 0 0 0 0 -4.019038e-11 0.000000e+00
75 37 1.043508e-02 1.653849e-02 0 0 0 0 -4.037469e-12 0.000000e+00
75 38 1.043508e-02 2.082073e-02 0 0 0 0 7.515217e-11 0.000000e+00
75 39 1.043508e-02 2.621174e-02 0 0 0 0 1.729781e-10 0.000000e+00
76 20 1.313699e-02 3.299863e-04 0 0 0 0 -1.009048e-12 0.000000e+00
76 21 1.313699e-02 4.154281e-04 0 0 0 0 1.895346e-13 0.000000e+00
76 22 1.313699e-02 5.229930e-04 0 0 0 0 -1.246842e-14 0.000000e+00
76 23 1.313699e-02 6.584091e-04 0 0 0 0 2.074358e-14 0.000000e+00
76 24 1.313699e-02 8.288880e-04 0 0 0 0 -1.638256e-14 0.000000e+00
76 25 1.313699e-02 1.043508e-03 0 0 0 0 8.589640e-15 0.000000e+00
76 26 1.313699e-02 1.313699e-03 0 0 0 0 -3.518399e-15 0.000000e+00
76 27 1.313699e-02 1.653849e-03 0 0 0 0 -3.311790e-15 0.000000e+00
76 28 1.313699e-02 2.082073e-03 0 0 0 0 -7.736381e-15 0.000000e+00
76 29 1.313699e-02 2.621174e-03 0 0 0 0 -2.052571e-14 0.000000e+00
76 30 1.313699e-02 3.299863e-03 0 0 0 0 -5.144848e-14 0.000000e+00
76 31 1.313699e-02 4.154281e-03 0 0 0 0 -1.308831e-13 0.000000e+00
76 32 1.313699e-02 5.229930e-03 0 0 0 0 -3.349656e-13 0.000000e+00
76 33 1.313699e-02 6.584091e-03 0 0 0 0 -8.679143e-13 0.000000e+00
76 34 1.313699e-02 8.288880e-03 0 0 0 0 -2.294538e-12 0.000000e+00
76 35 1.313699e-02 1.043508e-02 0 0 0 0 -6.344456e-12 0.000000e+00
76 36 1.313699e-02 1.313699e-02 0 0 0 0 -2.559755e-11 0.000000e+00
76 37 1.313699e-02 1.653849e-02 0 0 0 0 -5.073602e-11 0.000000e+00
76 38 1.313699e-02 2.082073e-02 0 0 0 0 -1.007427e-11 0.000000e+00
76 39 1.313699e-02 2.621174e-02 0 0 0 0 8.063223e-11 0.000000e+00
77 20 1.653849e-02 3.299863e-04 0 0 0 0 -9.953564e-13 0.000000e+00
77 21 1.653849e-02 4.154281e-04 0 0 0 0 1.884314e-13 0.000000e+00
77 22 1.653849e-02 5.229930e-04 0 0 0 0 -1.343262e-14 0.000000e+00
77 23 1.653849e-02 6.584091e-04 0 0 0 0 2.107177e-14 0.000000e+00
77 24 1.653849e-02 8.288880e-04 0 0 0 0 -1.634442e-14 0.000000e+00
77 25 1.653849e-02 1.043508e-03 0 0 0 0 8.714664e-15 0.000000e+00
77 26 1.653849e-02 1.313699e-03 0 0 0 0 -2.745699e-15 0.000000e+00
77 27 1.653849e-02 1.653849e-03 0 0 0 0 -1.820887e-15 0.000000e+00
77 28 1.653849e-02 2.082073e-03 0 0 0 0 -3.781680e-15 0.000000e+00
77 29 1.653849e-02 2.621174e-03 0 0 0 0 -1.048787e-14 0.000000e+00
77 30 1.653849e-02 3.299863e-03 0 0 0 0 -2.608333e-14 0.000000e+00
77 31 1.653849e-02 4.154281e-03 0 0 0 0 -6.621347e-14 0.000000e+00
77 32 1.653849e-02 5.229930e-03 0 0 0 0 -1.690003e-13 0.000000e+00
77 33 1.653849e-02 6.584091e-03 0 0 0 0 -4.355690e-13 0.000000e+00
77 34 1.653849e-02 8.288880e-03 0 0 0 0 -1.140122e-12 0.000000e+00
77 35 1.653849e-02 1.043508e-02 0 0 0 0 -3.063419e-12 0.000000e+00
77 36 1.653849e-02 1.313699e-02 0 0 0 0 -8.652741e-12 0.000000e+00
77 37 1.653849e-02 1.653849e-02 0 0 0 0 -3.304397e-11 0.000000e+00
77 38 1.653849e-02 2.082073e-02 0 0 0 0 -6.495282e-11 0.000000e+00
77 39 1.653849e-02 2.621174e-02 0 0 0 0 -1.997904e-11 0.000000e+00
78 20 2.082073e-02 3.299863e-04 0 0 0 0 -9.748453e-13 0.000000e+00
78 21 2.082073e-02 4.154281e-04 0 0 0 0 1.862860e-13 0.000000e+00
78 22 2.082073e-02 5.229930e-04 0 0 0 0 -1.523675e-14 0.000000e+00
78 23 2.082073e-02 6.584091e-04 0 0 0 0 2.127437e-14 0.000000e+00
78 24 2.082073e-02 8.288880e-04 0 0 0 0 -1.613000e-14 0.000000e+00
78 25 2.082073e-02 1.043508e-03 0 0 0 0 8.783226e-15 0.000000e+00
78 26 2.082073e-02 1.313699e-03 0 0 0 0 -2.399556e-15 0.000000e+00
78 27 2.082073e-02 1.653849e-03 0 0 0 0 -9.848315e-16 0.000000e+00
78 28 2.082073e-02 2.082073e-03 0 0 0 0 -1.570549e-15 0.000000e+00
78 29 2.082073e-02 2.621174e-03 0 0 0 0 -4.932494e-15 0.000000e+00
78 30 2.082073e-02 3.299863e-03 0 0 0 0 -1.203632e-14 0.000000e+00
78 31 2.082073e-02 4.154281e-03 0 0 0 0 -3.049394e-14 0.000000e+00
78 32 2.082073e-02 5.229930e-03 0 0 0 0 -7.766530e-14 0.000000e+00
78 33 2.082073e-02 6.584091e-03 0 0 0 0 -1.994303e-13 0.000000e+00
78 34 2.082073e-02 8.288880e-03 0 0 0 0 -5.188604e-13 0.000000e+00
78 35 2.082073e-02 1.043508e-02 0 0 0 0 -1.378341e-12 0.000000e+00
78 36 2.082073e-02 1.313699e-02 0 0 0 0 -3.788847e-12 0.000000e+00
78 37 2.082073e-02 1.653849e-02 0 0 0 0 -1.107596e-11 0.000000e+00
78 38 2.082073e-02 2.082073e-02 0 0 0 0 -4.186925e-11 0.000000e+00
78 39 2.082073e-02 2.621174e-02 0 0 0 0 -8.257188e-11 0.000000e+00
79 20 2.621174e-02 3.299863e-04 0 0 0 0 -9.445169e-13 0.000000e+00
79 21 2.621174e-02 4.154281e-04 0 0 0 0 1.826147e-13 0.000000e+00
79 22 2.621174e-02 5.229930e-04 0 0 0 0 -1.809710e-14 0.000000e+00
79 23 2.621174e-02 6.584091e-04 0 0 0 0 2.128796e-14 0.000000e+00
79 24 2.621174e-02 8.288880e-04 0 0 0 0 -1.567422e-14 0.000000e+00
79 25 2.621174e-02 1.043508e-03 0 0 0 0 8.957404e-15 0.000000e+00
79 26 2.621174e-02 1.313699e-03 0 0 0 0 -2.237191e-15 0.000000e+00
79 27 2.621174e-02 1.653849e-03 0 0 0 0 -4.270485e-16 0.000000e+00
79 28 2.621174e-02 2.082073e-03 0 0 0 0 -5.015603e-16 0.000000e+00
79 29 2.621174e-02 2.621174e-03 0 0 0 0 -2.208328e-15 0.000000e+00
79 30 2.621174e-02 3.299863e-03 0 0 0 0 -5.075308e-15 0.000000e+00
79 31 2.621174e-02 4.154281e-03 0 0 0 0 -1.287155e-14 0.000000e+00
79 32 2.621174e-02 5.229930e-03 0 0 0 0 -3.253596e-14 0.000000e+00
79 33 2.621174e-02 6.584091e-03 0 0 0 0 -8.291039e-14 0.000000e+00
79 34 2.621174e-02 8.288880e-03 0 0 0 0 -2.132109e-13 0.000000e+00
79 35 2.621174e-02 1.043508e-02 0 0 0 0 -5.570091e-13 0.000000e+00
79 36 2.621174e-02 1.313699e-02 0 0 0 0 -1.495446e-12 0.000000e+00
79 37 2.621174e-02 1.653849e-02 0 0 0 0 -4.209589e-12 0.000000e+00
79 38 2.621174e-02 2.082073e-02 0 0 0 0 -1.290367e-11 0.000000e+00
79 39 2.621174e-02 2.621174e-02 0 0 0 0 -5.065842e-11 0.000000e+00
