# Please cite the following papers in research using this covariance:
# arXiv: 1601.05779, https://arxiv.org/abs/1601.05779
# arXiv: 1911.11947, https://arxiv.org/abs/1911.11947
# arXiv: 2004.04833, https://arxiv.org/abs/2004.04833
########################################################
40 0 3.299863e-04 3.299863e-04 0 0 0 0 1.938188e-12 0.000000e+00
40 1 3.299863e-04 4.154281e-04 0 0 0 0 1.205110e-13 0.000000e+00
40 2 3.299863e-04 5.229930e-04 0 0 0 0 1.360326e-13 0.000000e+00
40 3 3.299863e-04 6.584091e-04 0 0 0 0 1.608109e-13 0.000000e+00
40 4 3.299863e-04 8.288880e-04 0 0 0 0 1.545655e-13 0.000000e+00
40 5 3.299863e-04 1.043508e-03 0 0 0 0 1.372334e-13 0.000000e+00
40 6 3.299863e-04 1.313699e-03 0 0 0 0 1.187055e-13 0.000000e+00
40 7 3.299863e-04 1.653849e-03 0 0 0 0 1.008585e-13 0.000000e+00
40 8 3.299863e-04 2.082073e-03 0 0 0 0 8.577138e-14 0.000000e+00
40 9 3.299863e-04 2.621174e-03 0 0 0 0 7.196143e-14 0.000000e+00
40 10 3.299863e-04 3.299863e-03 0 0 0 0 5.881741e-14 0.000000e+00
40 11 3.299863e-04 4.154281e-03 0 0 0 0 4.634818e-14 0.000000e+00
40 12 3.299863e-04 5.229930e-03 0 0 0 0 3.485868e-14 0.000000e+00
40 13 3.299863e-04 6.584091e-03 0 0 0 0 2.489392e-14 0.000000e+00
40 14 3.299863e-04 8.288880e-03 0 0 0 0 1.657468e-14 0.000000e+00
40 15 3.299863e-04 1.043508e-02 0 0 0 0 1.003578e-14 0.000000e+00
40 16 3.299863e-04 1.313699e-02 0 0 0 0 5.256661e-15 0.000000e+00
40 17 3.299863e-04 1.653849e-02 0 0 0 0 2.007003e-15 0.000000e+00
40 18 3.299863e-04 2.082073e-02 0 0 0 0 8.619704e-17 0.000000e+00
40 19 3.299863e-04 2.621174e-02 0 0 0 0 -8.106228e-16 0.000000e+00
41 0 4.154281e-04 3.299863e-04 0 0 0 0 8.665849e-12 0.000000e+00
41 1 4.154281e-04 4.154281e-04 0 0 0 0 1.948054e-12 0.000000e+00
41 2 4.154281e-04 5.229930e-04 0 0 0 0 2.167916e-13 0.000000e+00
41 3 4.154281e-04 6.584091e-04 0 0 0 0 2.436122e-13 0.000000e+00
41 4 4.154281e-04 8.288880e-04 0 0 0 0 2.452895e-13 0.000000e+00
41 5 4.154281e-04 1.043508e-03 0 0 0 0 2.177121e-13 0.000000e+00
41 6 4.154281e-04 1.313699e-03 0 0 0 0 1.870698e-13 0.000000e+00
41 7 4.154281e-04 1.653849e-03 0 0 0 0 1.600241e-13 0.000000e+00
41 8 4.154281e-04 2.082073e-03 0 0 0 0 1.362119e-13 0.000000e+00
41 9 4.154281e-04 2.621174e-03 0 0 0 0 1.141803e-13 0.000000e+00
41 10 4.154281e-04 3.299863e-03 0 0 0 0 9.321917e-14 0.000000e+00
41 11 4.154281e-04 4.154281e-03 0 0 0 0 7.339649e-14 0.000000e+00
41 12 4.154281e-04 5.229930e-03 0 0 0 0 5.529830e-14 0.000000e+00
41 13 4.154281e-04 6.584091e-03 0 0 0 0 3.944377e-14 0.000000e+00
41 14 4.154281e-04 8.288880e-03 0 0 0 0 2.627799e-14 0.000000e+00
41 15 4.154281e-04 1.043508e-02 0 0 0 0 1.591362e-14 0.000000e+00
41 16 4.154281e-04 1.313699e-02 0 0 0 0 8.327317e-15 0.000000e+00
41 17 4.154281e-04 1.653849e-02 0 0 0 0 3.182013e-15 0.000000e+00
41 18 4.154281e-04 2.082073e-02 0 0 0 0 1.369983e-16 0.000000e+00
41 19 4.154281e-04 2.621174e-02 0 0 0 0 -1.284984e-15 0.000000e+00
42 0 5.229930e-04 3.299863e-04 0 0 0 0 1.447866e-11 0.000000e+00
42 1 5.229930e-04 4.154281e-04 0 0 0 0 8.831815e-12 0.000000e+00
42 2 5.229930e-04 5.229930e-04 0 0 0 0 2.056489e-12 0.000000e+00
42 3 5.229930e-04 6.584091e-04 0 0 0 0 3.670322e-13 0.000000e+00
42 4 5.229930e-04 8.288880e-04 0 0 0 0 3.778649e-13 0.000000e+00
42 5 5.229930e-04 1.043508e-03 0 0 0 0 3.443867e-13 0.000000e+00
42 6 5.229930e-04 1.313699e-03 0 0 0 0 2.972332e-13 0.000000e+00
42 7 5.229930e-04 1.653849e-03 0 0 0 0 2.539546e-13 0.000000e+00
42 8 5.229930e-04 2.082073e-03 0 0 0 0 2.159474e-13 0.000000e+00
42 9 5.229930e-04 2.621174e-03 0 0 0 0 1.809919e-13 0.000000e+00
42 10 5.229930e-04 3.299863e-03 0 0 0 0 1.477702e-13 0.000000e+00
42 11 5.229930e-04 4.154281e-03 0 0 0 0 1.163645e-13 0.000000e+00
42 12 5.229930e-04 5.229930e-03 0 0 0 0 8.764609e-14 0.000000e+00
42 13 5.229930e-04 6.584091e-03 0 0 0 0 6.253288e-14 0.000000e+00
42 14 5.229930e-04 8.288880e-03 0 0 0 0 4.165960e-14 0.000000e+00
42 15 5.229930e-04 1.043508e-02 0 0 0 0 2.523896e-14 0.000000e+00
42 16 5.229930e-04 1.313699e-02 0 0 0 0 1.319202e-14 0.000000e+00
42 17 5.229930e-04 1.653849e-02 0 0 0 0 5.046672e-15 0.000000e+00
42 18 5.229930e-04 2.082073e-02 0 0 0 0 2.198017e-16 0.000000e+00
42 19 5.229930e-04 2.621174e-02 0 0 0 0 -2.036509e-15 0.000000e+00
43 0 6.584091e-04 3.299863e-04 0 0 0 0 1.826913e-11 0.000000e+00
43 1 6.584091e-04 4.154281e-04 0 0 0 0 1.472120e-11 0.000000e+00
43 2 6.584091e-04 5.229930e-04 0 0 0 0 9.075057e-12 0.000000e+00
43 3 6.584091e-04 6.584091e-04 0 0 0 0 2.248936e-12 0.000000e+00
43 4 6.584091e-04 8.288880e-04 0 0 0 0 5.695933e-13 0.000000e+00
43 5 6.584091e-04 1.043508e-03 0 0 0 0 5.410559e-13 0.000000e+00
43 6 6.584091e-04 1.313699e-03 0 0 0 0 4.725090e-13 0.000000e+00
43 7 6.584091e-04 1.653849e-03 0 0 0 0 4.033272e-13 0.000000e+00
43 8 6.584091e-04 2.082073e-03 0 0 0 0 3.424992e-13 0.000000e+00
43 9 6.584091e-04 2.621174e-03 0 0 0 0 2.869378e-13 0.000000e+00
43 10 6.584091e-04 3.299863e-03 0 0 0 0 2.342620e-13 0.000000e+00
43 11 6.584091e-04 4.154281e-03 0 0 0 0 1.844932e-13 0.000000e+00
43 12 6.584091e-04 5.229930e-03 0 0 0 0 1.389553e-13 0.000000e+00
43 13 6.584091e-04 6.584091e-03 0 0 0 0 9.915866e-14 0.000000e+00
43 14 6.584091e-04 8.288880e-03 0 0 0 0 6.604796e-14 0.000000e+00
43 15 6.584091e-04 1.043508e-02 0 0 0 0 4.003043e-14 0.000000e+00
43 16 6.584091e-04 1.313699e-02 0 0 0 0 2.090256e-14 0.000000e+00
43 17 6.584091e-04 1.653849e-02 0 0 0 0 8.007027e-15 0.000000e+00
43 18 6.584091e-04 2.082073e-02 0 0 0 0 3.535487e-16 0.000000e+00
43 19 6.584091e-04 2.621174e-02 0 0 0 0 -3.227928e-15 0.000000e+00
44 0 8.288880e-04 3.299863e-04 0 0 0 0 2.085482e-11 0.000000e+00
44 1 8.288880e-04 4.154281e-04 0 0 0 0 1.861995e-11 0.000000e+00
44 2 8.288880e-04 5.229930e-04 0 0 0 0 1.506687e-11 0.000000e+00
44 3 8.288880e-04 6.584091e-04 0 0 0 0 9.410835e-12 0.000000e+00
44 4 8.288880e-04 8.288880e-04 0 0 0 0 2.530343e-12 0.000000e+00
44 5 8.288880e-04 1.043508e-03 0 0 0 0 8.338021e-13 0.000000e+00
44 6 8.288880e-04 1.313699e-03 0 0 0 0 7.488637e-13 0.000000e+00
44 7 8.288880e-04 1.653849e-03 0 0 0 0 6.413795e-13 0.000000e+00
44 8 8.288880e-04 2.082073e-03 0 0 0 0 5.436868e-13 0.000000e+00
44 9 8.288880e-04 2.621174e-03 0 0 0 0 4.550573e-13 0.000000e+00
44 10 8.288880e-04 3.299863e-03 0 0 0 0 3.714470e-13 0.000000e+00
44 11 8.288880e-04 4.154281e-03 0 0 0 0 2.925464e-13 0.000000e+00
44 12 8.288880e-04 5.229930e-03 0 0 0 0 2.203846e-13 0.000000e+00
44 13 8.288880e-04 6.584091e-03 0 0 0 0 1.572544e-13 0.000000e+00
44 14 8.288880e-04 8.288880e-03 0 0 0 0 1.047480e-13 0.000000e+00
44 15 8.288880e-04 1.043508e-02 0 0 0 0 6.348847e-14 0.000000e+00
44 16 8.288880e-04 1.313699e-02 0 0 0 0 3.313918e-14 0.000000e+00
44 17 8.288880e-04 1.653849e-02 0 0 0 0 1.270800e-14 0.000000e+00
44 18 8.288880e-04 2.082073e-02 0 0 0 0 5.709390e-16 0.000000e+00
44 19 8.288880e-04 2.621174e-02 0 0 0 0 -5.117006e-15 0.000000e+00
45 0 1.043508e-03 3.299863e-04 0 0 0 0 2.281436e-11 0.000000e+00
45 1 1.043508e-03 4.154281e-04 0 0 0 0 2.138801e-11 0.000000e+00
45 2 1.043508e-03 5.229930e-04 0 0 0 0 1.912930e-11 0.000000e+00
45 3 1.043508e-03 6.584091e-04 0 0 0 0 1.555120e-11 0.000000e+00
45 4 1.043508e-03 8.288880e-04 0 0 0 0 9.868321e-12 0.000000e+00
45 5 1.043508e-03 1.043508e-03 0 0 0 0 2.922139e-12 0.000000e+00
45 6 1.043508e-03 1.313699e-03 0 0 0 0 1.174448e-12 0.000000e+00
45 7 1.043508e-03 1.653849e-03 0 0 0 0 1.020972e-12 0.000000e+00
45 8 1.043508e-03 2.082073e-03 0 0 0 0 8.638243e-13 0.000000e+00
45 9 1.043508e-03 2.621174e-03 0 0 0 0 7.219026e-13 0.000000e+00
45 10 1.043508e-03 3.299863e-03 0 0 0 0 5.891293e-13 0.000000e+00
45 11 1.043508e-03 4.154281e-03 0 0 0 0 4.640618e-13 0.000000e+00
45 12 1.043508e-03 5.229930e-03 0 0 0 0 3.496160e-13 0.000000e+00
45 13 1.043508e-03 6.584091e-03 0 0 0 0 2.494872e-13 0.000000e+00
45 14 1.043508e-03 8.288880e-03 0 0 0 0 1.661895e-13 0.000000e+00
45 15 1.043508e-03 1.043508e-02 0 0 0 0 1.007167e-13 0.000000e+00
45 16 1.043508e-03 1.313699e-02 0 0 0 0 5.258433e-14 0.000000e+00
45 17 1.043508e-03 1.653849e-02 0 0 0 0 2.017322e-14 0.000000e+00
45 18 1.043508e-03 2.082073e-02 0 0 0 0 9.293914e-16 0.000000e+00
45 19 1.043508e-03 2.621174e-02 0 0 0 0 -8.111081e-15 0.000000e+00
46 0 1.313699e-03 3.299863e-04 0 0 0 0 2.452380e-11 0.000000e+00
46 1 1.313699e-03 4.154281e-04 0 0 0 0 2.360486e-11 0.000000e+00
46 2 1.313699e-03 5.229930e-04 0 0 0 0 2.215234e-11 0.000000e+00
46 3 1.313699e-03 6.584091e-04 0 0 0 0 1.985588e-11 0.000000e+00
46 4 1.313699e-03 8.288880e-04 0 0 0 0 1.622662e-11 0.000000e+00
46 5 1.313699e-03 1.043508e-03 0 0 0 0 1.048561e-11 0.000000e+00
46 6 1.313699e-03 1.313699e-03 0 0 0 0 3.453369e-12 0.000000e+00
46 7 1.313699e-03 1.653849e-03 0 0 0 0 1.617486e-12 0.000000e+00
46 8 1.313699e-03 2.082073e-03 0 0 0 0 1.375134e-12 0.000000e+00
46 9 1.313699e-03 2.621174e-03 0 0 0 0 1.146212e-12 0.000000e+00
46 10 1.313699e-03 3.299863e-03 0 0 0 0 9.348024e-13 0.000000e+00
46 11 1.313699e-03 4.154281e-03 0 0 0 0 7.364828e-13 0.000000e+00
46 12 1.313699e-03 5.229930e-03 0 0 0 0 5.549668e-13 0.000000e+00
46 13 1.313699e-03 6.584091e-03 0 0 0 0 3.960459e-13 0.000000e+00
46 14 1.313699e-03 8.288880e-03 0 0 0 0 2.638152e-13 0.000000e+00
46 15 1.313699e-03 1.043508e-02 0 0 0 0 1.598872e-13 0.000000e+00
46 16 1.313699e-03 1.313699e-02 0 0 0 0 8.349978e-14 0.000000e+00
46 17 1.313699e-03 1.653849e-02 0 0 0 0 3.204824e-14 0.000000e+00
46 18 1.313699e-03 2.082073e-02 0 0 0 0 1.522395e-15 0.000000e+00
46 19 1.313699e-03 2.621174e-02 0 0 0 0 -1.285007e-14 0.000000e+00
47 0 1.653849e-03 3.299863e-04 0 0 0 0 2.624760e-11 0.000000e+00
47 1 1.653849e-03 4.154281e-04 0 0 0 0 2.565236e-11 0.000000e+00
47 2 1.653849e-03 5.229930e-04 0 0 0 0 2.471022e-11 0.000000e+00
47 3 1.653849e-03 6.584091e-04 0 0 0 0 2.322032e-11 0.000000e+00
47 4 1.653849e-03 8.288880e-04 0 0 0 0 2.086743e-11 0.000000e+00
47 5 1.653849e-03 1.043508e-03 0 0 0 0 1.715858e-11 0.000000e+00
47 6 1.653849e-03 1.313699e-03 0 0 0 0 1.131726e-11 0.000000e+00
47 7 1.653849e-03 1.653849e-03 0 0 0 0 4.158842e-12 0.000000e+00
47 8 1.653849e-03 2.082073e-03 0 0 0 0 2.188862e-12 0.000000e+00
47 9 1.653849e-03 2.621174e-03 0 0 0 0 1.823134e-12 0.000000e+00
47 10 1.653849e-03 3.299863e-03 0 0 0 0 1.484514e-12 0.000000e+00
47 11 1.653849e-03 4.154281e-03 0 0 0 0 1.169727e-12 0.000000e+00
47 12 1.653849e-03 5.229930e-03 0 0 0 0 8.817080e-13 0.000000e+00
47 13 1.653849e-03 6.584091e-03 0 0 0 0 6.293017e-13 0.000000e+00
47 14 1.653849e-03 8.288880e-03 0 0 0 0 4.192053e-13 0.000000e+00
47 15 1.653849e-03 1.043508e-02 0 0 0 0 2.540723e-13 0.000000e+00
47 16 1.653849e-03 1.313699e-02 0 0 0 0 1.327159e-13 0.000000e+00
47 17 1.653849e-03 1.653849e-02 0 0 0 0 5.099561e-14 0.000000e+00
47 18 1.653849e-03 2.082073e-02 0 0 0 0 2.513010e-15 0.000000e+00
47 19 1.653849e-03 2.621174e-02 0 0 0 0 -2.033262e-14 0.000000e+00
48 0 2.082073e-03 3.299863e-04 0 0 0 0 2.821030e-11 0.000000e+00
48 1 2.082073e-03 4.154281e-04 0 0 0 0 2.782079e-11 0.000000e+00
48 2 2.082073e-03 5.229930e-04 0 0 0 0 2.720384e-11 0.000000e+00
48 3 2.082073e-03 6.584091e-04 0 0 0 0 2.622775e-11 0.000000e+00
48 4 2.082073e-03 8.288880e-04 0 0 0 0 2.468523e-11 0.000000e+00
48 5 2.082073e-03 1.043508e-03 0 0 0 0 2.225162e-11 0.000000e+00
48 6 2.082073e-03 1.313699e-03 0 0 0 0 1.842389e-11 0.000000e+00
48 7 2.082073e-03 1.653849e-03 0 0 0 0 1.242466e-11 0.000000e+00
48 8 2.082073e-03 2.082073e-03 0 0 0 0 5.075791e-12 0.000000e+00
48 9 2.082073e-03 2.621174e-03 0 0 0 0 2.906273e-12 0.000000e+00
48 10 2.082073e-03 3.299863e-03 0 0 0 0 2.361375e-12 0.000000e+00
48 11 2.082073e-03 4.154281e-03 0 0 0 0 1.860123e-12 0.000000e+00
48 12 2.082073e-03 5.229930e-03 0 0 0 0 1.402774e-12 0.000000e+00
48 13 2.082073e-03 6.584091e-03 0 0 0 0 1.001417e-12 0.000000e+00
48 14 2.082073e-03 8.288880e-03 0 0 0 0 6.671078e-13 0.000000e+00
48 15 2.082073e-03 1.043508e-02 0 0 0 0 4.043452e-13 0.000000e+00
48 16 2.082073e-03 1.313699e-02 0 0 0 0 2.112986e-13 0.000000e+00
48 17 2.082073e-03 1.653849e-02 0 0 0 0 8.133252e-14 0.000000e+00
48 18 2.082073e-03 2.082073e-02 0 0 0 0 4.220636e-15 0.000000e+00
48 19 2.082073e-03 2.621174e-02 0 0 0 0 -3.211238e-14 0.000000e+00
49 0 2.621174e-03 3.299863e-04 0 0 0 0 3.062473e-11 0.000000e+00
49 1 2.621174e-03 4.154281e-04 0 0 0 0 3.036595e-11 0.000000e+00
49 2 2.621174e-03 5.229930e-04 0 0 0 0 2.995605e-11 0.000000e+00
49 3 2.621174e-03 6.584091e-04 0 0 0 0 2.930733e-11 0.000000e+00
49 4 2.621174e-03 8.288880e-04 0 0 0 0 2.828161e-11 0.000000e+00
49 5 2.621174e-03 1.043508e-03 0 0 0 0 2.666194e-11 0.000000e+00
49 6 2.621174e-03 1.313699e-03 0 0 0 0 2.411053e-11 0.000000e+00
49 7 2.621174e-03 1.653849e-03 0 0 0 0 2.010767e-11 0.000000e+00
49 8 2.621174e-03 2.082073e-03 0 0 0 0 1.386779e-11 0.000000e+00
49 9 2.621174e-03 2.621174e-03 0 0 0 0 6.230663e-12 0.000000e+00
49 10 2.621174e-03 3.299863e-03 0 0 0 0 3.768303e-12 0.000000e+00
49 11 2.621174e-03 4.154281e-03 0 0 0 0 2.964210e-12 0.000000e+00
49 12 2.621174e-03 5.229930e-03 0 0 0 0 2.236571e-12 0.000000e+00
49 13 2.621174e-03 6.584091e-03 0 0 0 0 1.597287e-12 0.000000e+00
49 14 2.621174e-03 8.288880e-03 0 0 0 0 1.064151e-12 0.000000e+00
49 15 2.621174e-03 1.043508e-02 0 0 0 0 6.450633e-13 0.000000e+00
49 16 2.621174e-03 1.313699e-02 0 0 0 0 3.372963e-13 0.000000e+00
49 17 2.621174e-03 1.653849e-02 0 0 0 0 1.301755e-13 0.000000e+00
49 18 2.621174e-03 2.082073e-02 0 0 0 0 7.308896e-15 0.000000e+00
49 19 2.621174e-03 2.621174e-02 0 0 0 0 -5.060824e-14 0.000000e+00
50 0 3.299863e-03 3.299863e-04 0 0 0 0 3.370455e-11 0.000000e+00
50 1 3.299863e-03 4.154281e-04 0 0 0 0 3.352885e-11 0.000000e+00
50 2 3.299863e-03 5.229930e-04 0 0 0 0 3.325062e-11 0.000000e+00
50 3 3.299863e-03 6.584091e-04 0 0 0 0 3.281019e-11 0.000000e+00
50 4 3.299863e-03 8.288880e-04 0 0 0 0 3.211361e-11 0.000000e+00
50 5 3.299863e-03 1.043508e-03 0 0 0 0 3.101322e-11 0.000000e+00
50 6 3.299863e-03 1.313699e-03 0 0 0 0 2.927833e-11 0.000000e+00
50 7 3.299863e-03 1.653849e-03 0 0 0 0 2.655186e-11 0.000000e+00
50 8 3.299863e-03 2.082073e-03 0 0 0 0 2.229030e-11 0.000000e+00
50 9 3.299863e-03 2.621174e-03 0 0 0 0 1.569193e-11 0.000000e+00
50 10 3.299863e-03 3.299863e-03 0 0 0 0 7.625929e-12 0.000000e+00
50 11 3.299863e-03 4.154281e-03 0 0 0 0 4.742837e-12 0.000000e+00
50 12 3.299863e-03 5.229930e-03 0 0 0 0 3.577900e-12 0.000000e+00
50 13 3.299863e-03 6.584091e-03 0 0 0 0 2.556995e-12 0.000000e+00
50 14 3.299863e-03 8.288880e-03 0 0 0 0 1.703881e-12 0.000000e+00
50 15 3.299863e-03 1.043508e-02 0 0 0 0 1.033028e-12 0.000000e+00
50 16 3.299863e-03 1.313699e-02 0 0 0 0 5.406845e-13 0.000000e+00
50 17 3.299863e-03 1.653849e-02 0 0 0 0 2.095469e-13 0.000000e+00
50 18 3.299863e-03 2.082073e-02 0 0 0 0 1.315527e-14 0.000000e+00
50 19 3.299863e-03 2.621174e-02 0 0 0 0 -7.950600e-14 0.000000e+00
51 0 4.154281e-03 3.299863e-04 0 0 0 0 3.765249e-11 0.000000e+00
51 1 4.154281e-03 4.154281e-04 0 0 0 0 3.752991e-11 0.000000e+00
51 2 4.154281e-03 5.229930e-04 0 0 0 0 3.733584e-11 0.000000e+00
51 3 4.154281e-03 6.584091e-04 0 0 0 0 3.702859e-11 0.000000e+00
51 4 4.154281e-03 8.288880e-04 0 0 0 0 3.654253e-11 0.000000e+00
51 5 4.154281e-03 1.043508e-03 0 0 0 0 3.577445e-11 0.000000e+00
51 6 4.154281e-03 1.313699e-03 0 0 0 0 3.456280e-11 0.000000e+00
51 7 4.154281e-03 1.653849e-03 0 0 0 0 3.265671e-11 0.000000e+00
51 8 4.154281e-03 2.082073e-03 0 0 0 0 2.967156e-11 0.000000e+00
51 9 4.154281e-03 2.621174e-03 0 0 0 0 2.503109e-11 0.000000e+00
51 10 4.154281e-03 3.299863e-03 0 0 0 0 1.791054e-11 0.000000e+00
51 11 4.154281e-03 4.154281e-03 0 0 0 0 9.224336e-12 0.000000e+00
51 12 4.154281e-03 5.229930e-03 0 0 0 0 5.756117e-12 0.000000e+00
51 13 4.154281e-03 6.584091e-03 0 0 0 0 4.116271e-12 0.000000e+00
51 14 4.154281e-03 8.288880e-03 0 0 0 0 2.744334e-12 0.000000e+00
51 15 4.154281e-03 1.043508e-02 0 0 0 0 1.664376e-12 0.000000e+00
51 16 4.154281e-03 1.313699e-02 0 0 0 0 8.724159e-13 0.000000e+00
51 17 4.154281e-03 1.653849e-02 0 0 0 0 3.402843e-13 0.000000e+00
51 18 4.154281e-03 2.082073e-02 0 0 0 0 2.481473e-14 0.000000e+00
51 19 4.154281e-03 2.621174e-02 0 0 0 0 -1.242301e-13 0.000000e+00
52 0 5.229930e-03 3.299863e-04 0 0 0 0 4.263233e-11 0.000000e+00
52 1 5.229930e-03 4.154281e-04 0 0 0 0 4.254440e-11 0.000000e+00
52 2 5.229930e-03 5.229930e-04 0 0 0 0 4.240503e-11 0.000000e+00
52 3 5.229930e-03 6.584091e-04 0 0 0 0 4.218434e-11 0.000000e+00
52 4 5.229930e-03 8.288880e-04 0 0 0 0 4.183516e-11 0.000000e+00
52 5 5.229930e-03 1.043508e-03 0 0 0 0 4.128310e-11 0.000000e+00
52 6 5.229930e-03 1.313699e-03 0 0 0 0 4.041165e-11 0.000000e+00
52 7 5.229930e-03 1.653849e-03 0 0 0 0 3.903921e-11 0.000000e+00
52 8 5.229930e-03 2.082073e-03 0 0 0 0 3.688601e-11 0.000000e+00
52 9 5.229930e-03 2.621174e-03 0 0 0 0 3.352854e-11 0.000000e+00
52 10 5.229930e-03 3.299863e-03 0 0 0 0 2.834596e-11 0.000000e+00
52 11 5.229930e-03 4.154281e-03 0 0 0 0 2.048536e-11 0.000000e+00
52 12 5.229930e-03 5.229930e-03 0 0 0 0 1.093274e-11 0.000000e+00
52 13 5.229930e-03 6.584091e-03 0 0 0 0 6.684585e-12 0.000000e+00
52 14 5.229930e-03 8.288880e-03 0 0 0 0 4.460846e-12 0.000000e+00
52 15 5.229930e-03 1.043508e-02 0 0 0 0 2.707267e-12 0.000000e+00
52 16 5.229930e-03 1.313699e-02 0 0 0 0 1.422243e-12 0.000000e+00
52 17 5.229930e-03 1.653849e-02 0 0 0 0 5.601577e-13 0.000000e+00
52 18 5.229930e-03 2.082073e-02 0 0 0 0 4.942008e-14 0.000000e+00
52 19 5.229930e-03 2.621174e-02 0 0 0 0 -1.923928e-13 0.000000e+00
53 0 6.584091e-03 3.299863e-04 0 0 0 0 4.872799e-11 0.000000e+00
53 1 6.584091e-03 4.154281e-04 0 0 0 0 4.866319e-11 0.000000e+00
53 2 6.584091e-03 5.229930e-04 0 0 0 0 4.856051e-11 0.000000e+00
53 3 6.584091e-03 6.584091e-04 0 0 0 0 4.839786e-11 0.000000e+00
53 4 6.584091e-03 8.288880e-04 0 0 0 0 4.814042e-11 0.000000e+00
53 5 6.584091e-03 1.043508e-03 0 0 0 0 4.773320e-11 0.000000e+00
53 6 6.584091e-03 1.313699e-03 0 0 0 0 4.708985e-11 0.000000e+00
53 7 6.584091e-03 1.653849e-03 0 0 0 0 4.607533e-11 0.000000e+00
53 8 6.584091e-03 2.082073e-03 0 0 0 0 4.448031e-11 0.000000e+00
53 9 6.584091e-03 2.621174e-03 0 0 0 0 4.198487e-11 0.000000e+00
53 10 6.584091e-03 3.299863e-03 0 0 0 0 3.811181e-11 0.000000e+00
53 11 6.584091e-03 4.154281e-03 0 0 0 0 3.218036e-11 0.000000e+00
53 12 6.584091e-03 5.229930e-03 0 0 0 0 2.330586e-11 0.000000e+00
53 13 6.584091e-03 6.584091e-03 0 0 0 0 1.258923e-11 0.000000e+00
53 14 6.584091e-03 8.288880e-03 0 0 0 0 7.353730e-12 0.000000e+00
53 15 6.584091e-03 1.043508e-02 0 0 0 0 4.469774e-12 0.000000e+00
53 16 6.584091e-03 1.313699e-02 0 0 0 0 2.356153e-12 0.000000e+00
53 17 6.584091e-03 1.653849e-02 0 0 0 0 9.413413e-13 0.000000e+00
53 18 6.584091e-03 2.082073e-02 0 0 0 0 1.041638e-13 0.000000e+00
53 19 6.584091e-03 2.621174e-02 0 0 0 0 -2.934646e-13 0.000000e+00
54 0 8.288880e-03 3.299863e-04 0 0 0 0 5.589058e-11 0.000000e+00
54 1 8.288880e-03 4.154281e-04 0 0 0 0 5.584202e-11 0.000000e+00
54 2 8.288880e-03 5.229930e-04 0 0 0 0 5.576501e-11 0.000000e+00
54 3 8.288880e-03 6.584091e-04 0 0 0 0 5.564294e-11 0.000000e+00
54 4 8.288880e-03 8.288880e-04 0 0 0 0 5.544969e-11 0.000000e+00
54 5 8.288880e-03 1.043508e-03 0 0 0 0 5.514386e-11 0.000000e+00
54 6 8.288880e-03 1.313699e-03 0 0 0 0 5.466028e-11 0.000000e+00
54 7 8.288880e-03 1.653849e-03 0 0 0 0 5.389673e-11 0.000000e+00
54 8 8.288880e-03 2.082073e-03 0 0 0 0 5.269375e-11 0.000000e+00
54 9 8.288880e-03 2.621174e-03 0 0 0 0 5.080529e-11 0.000000e+00
54 10 8.288880e-03 3.299863e-03 0 0 0 0 4.785813e-11 0.000000e+00
54 11 8.288880e-03 4.154281e-03 0 0 0 0 4.330356e-11 0.000000e+00
54 12 8.288880e-03 5.229930e-03 0 0 0 0 3.638175e-11 0.000000e+00
54 13 8.288880e-03 6.584091e-03 0 0 0 0 2.617319e-11 0.000000e+00
54 14 8.288880e-03 8.288880e-03 0 0 0 0 1.395989e-11 0.000000e+00
54 15 8.288880e-03 1.043508e-02 0 0 0 0 7.550497e-12 0.000000e+00
54 16 8.288880e-03 1.313699e-02 0 0 0 0 4.001563e-12 0.000000e+00
54 17 8.288880e-03 1.653849e-02 0 0 0 0 1.631412e-12 0.000000e+00
54 18 8.288880e-03 2.082073e-02 0 0 0 0 2.320263e-13 0.000000e+00
54 19 8.288880e-03 2.621174e-02 0 0 0 0 -4.357162e-13 0.000000e+00
55 0 1.043508e-02 3.299863e-04 0 0 0 0 6.388014e-11 0.000000e+00
55 1 1.043508e-02 4.154281e-04 0 0 0 0 6.384352e-11 0.000000e+00
55 2 1.043508e-02 5.229930e-04 0 0 0 0 6.378534e-11 0.000000e+00
55 3 1.043508e-02 6.584091e-04 0 0 0 0 6.369308e-11 0.000000e+00
55 4 1.043508e-02 8.288880e-04 0 0 0 0 6.354700e-11 0.000000e+00
55 5 1.043508e-02 1.043508e-03 0 0 0 0 6.331569e-11 0.000000e+00
55 6 1.043508e-02 1.313699e-03 0 0 0 0 6.294969e-11 0.000000e+00
55 7 1.043508e-02 1.653849e-03 0 0 0 0 6.237113e-11 0.000000e+00
55 8 1.043508e-02 2.082073e-03 0 0 0 0 6.145796e-11 0.000000e+00
55 9 1.043508e-02 2.621174e-03 0 0 0 0 6.002023e-11 0.000000e+00
55 10 1.043508e-02 3.299863e-03 0 0 0 0 5.776576e-11 0.000000e+00
55 11 1.043508e-02 4.154281e-03 0 0 0 0 5.425410e-11 0.000000e+00
55 12 1.043508e-02 5.229930e-03 0 0 0 0 4.884561e-11 0.000000e+00
55 13 1.043508e-02 6.584091e-03 0 0 0 0 4.067938e-11 0.000000e+00
55 14 1.043508e-02 8.288880e-03 0 0 0 0 2.879746e-11 0.000000e+00
55 15 1.043508e-02 1.043508e-02 0 0 0 0 1.475481e-11 0.000000e+00
55 16 1.043508e-02 1.313699e-02 0 0 0 0 7.056973e-12 0.000000e+00
55 17 1.043508e-02 1.653849e-02 0 0 0 0 2.957117e-12 0.000000e+00
55 18 1.043508e-02 2.082073e-02 0 0 0 0 5.443218e-13 0.000000e+00
55 19 1.043508e-02 2.621174e-02 0 0 0 0 -6.140874e-13 0.000000e+00
56 0 1.313699e-02 3.299863e-04 0 0 0 0 7.221326e-11 0.000000e+00
56 1 1.313699e-02 4.154281e-04 0 0 0 0 7.218586e-11 0.000000e+00
56 2 1.313699e-02 5.229930e-04 0 0 0 0 7.214215e-11 0.000000e+00
56 3 1.313699e-02 6.584091e-04 0 0 0 0 7.207273e-11 0.000000e+00
56 4 1.313699e-02 8.288880e-04 0 0 0 0 7.196284e-11 0.000000e+00
56 5 1.313699e-02 1.043508e-03 0 0 0 0 7.178879e-11 0.000000e+00
56 6 1.313699e-02 1.313699e-03 0 0 0 0 7.151326e-11 0.000000e+00
56 7 1.313699e-02 1.653849e-03 0 0 0 0 7.107730e-11 0.000000e+00
56 8 1.313699e-02 2.082073e-03 0 0 0 0 7.038824e-11 0.000000e+00
56 9 1.313699e-02 2.621174e-03 0 0 0 0 6.930089e-11 0.000000e+00
56 10 1.313699e-02 3.299863e-03 0 0 0 0 6.758955e-11 0.000000e+00
56 11 1.313699e-02 4.154281e-03 0 0 0 0 6.490769e-11 0.000000e+00
56 12 1.313699e-02 5.229930e-03 0 0 0 0 6.073498e-11 0.000000e+00
56 13 1.313699e-02 6.584091e-03 0 0 0 0 5.432234e-11 0.000000e+00
56 14 1.313699e-02 8.288880e-03 0 0 0 0 4.468491e-11 0.000000e+00
56 15 1.313699e-02 1.043508e-02 0 0 0 0 3.082055e-11 0.000000e+00
56 16 1.313699e-02 1.313699e-02 0 0 0 0 1.467274e-11 0.000000e+00
56 17 1.313699e-02 1.653849e-02 0 0 0 0 5.710708e-12 0.000000e+00
56 18 1.313699e-02 2.082073e-02 0 0 0 0 1.342636e-12 0.000000e+00
56 19 1.313699e-02 2.621174e-02 0 0 0 0 -7.695437e-13 0.000000e+00
57 0 1.653849e-02 3.299863e-04 0 0 0 0 8.013982e-11 0.000000e+00
57 1 1.653849e-02 4.154281e-04 0 0 0 0 8.011975e-11 0.000000e+00
57 2 1.653849e-02 5.229930e-04 0 0 0 0 8.008748e-11 0.000000e+00
57 3 1.653849e-02 6.584091e-04 0 0 0 0 8.003615e-11 0.000000e+00
57 4 1.653849e-02 8.288880e-04 0 0 0 0 7.995495e-11 0.000000e+00
57 5 1.653849e-02 1.043508e-03 0 0 0 0 7.982630e-11 0.000000e+00
57 6 1.653849e-02 1.313699e-03 0 0 0 0 7.962252e-11 0.000000e+00
57 7 1.653849e-02 1.653849e-03 0 0 0 0 7.929990e-11 0.000000e+00
57 8 1.653849e-02 2.082073e-03 0 0 0 0 7.878946e-11 0.000000e+00
57 9 1.653849e-02 2.621174e-03 0 0 0 0 7.798263e-11 0.000000e+00
57 10 1.653849e-02 3.299863e-03 0 0 0 0 7.670943e-11 0.000000e+00
57 11 1.653849e-02 4.154281e-03 0 0 0 0 7.470554e-11 0.000000e+00
57 12 1.653849e-02 5.229930e-03 0 0 0 0 7.156529e-11 0.000000e+00
57 13 1.653849e-02 6.584091e-03 0 0 0 0 6.668023e-11 0.000000e+00
57 14 1.653849e-02 8.288880e-03 0 0 0 0 5.917784e-11 0.000000e+00
57 15 1.653849e-02 1.043508e-02 0 0 0 0 4.792853e-11 0.000000e+00
57 16 1.653849e-02 1.313699e-02 0 0 0 0 3.187608e-11 0.000000e+00
57 17 1.653849e-02 1.653849e-02 0 0 0 0 1.348357e-11 0.000000e+00
57 18 1.653849e-02 2.082073e-02 0 0 0 0 3.498037e-12 0.000000e+00
57 19 1.653849e-02 2.621174e-02 0 0 0 0 -6.546070e-13 0.000000e+00
58 0 2.082073e-02 3.299863e-04 0 0 0 0 8.668216e-11 0.000000e+00
58 1 2.082073e-02 4.154281e-04 0 0 0 0 8.666808e-11 0.000000e+00
58 2 2.082073e-02 5.229930e-04 0 0 0 0 8.664499e-11 0.000000e+00
58 3 2.082073e-02 6.584091e-04 0 0 0 0 8.660812e-11 0.000000e+00
58 4 2.082073e-02 8.288880e-04 0 0 0 0 8.654988e-11 0.000000e+00
58 5 2.082073e-02 1.043508e-03 0 0 0 0 8.645759e-11 0.000000e+00
58 6 2.082073e-02 1.313699e-03 0 0 0 0 8.631139e-11 0.000000e+00
58 7 2.082073e-02 1.653849e-03 0 0 0 0 8.607981e-11 0.000000e+00
58 8 2.082073e-02 2.082073e-03 0 0 0 0 8.571314e-11 0.000000e+00
58 9 2.082073e-02 2.621174e-03 0 0 0 0 8.513291e-11 0.000000e+00
58 10 2.082073e-02 3.299863e-03 0 0 0 0 8.421562e-11 0.000000e+00
58 11 2.082073e-02 4.154281e-03 0 0 0 0 8.276766e-11 0.000000e+00
58 12 2.082073e-02 5.229930e-03 0 0 0 0 8.048770e-11 0.000000e+00
58 13 2.082073e-02 6.584091e-03 0 0 0 0 7.691244e-11 0.000000e+00
58 14 2.082073e-02 8.288880e-03 0 0 0 0 7.134555e-11 0.000000e+00
58 15 2.082073e-02 1.043508e-02 0 0 0 0 6.278692e-11 0.000000e+00
58 16 2.082073e-02 1.313699e-02 0 0 0 0 4.994803e-11 0.000000e+00
58 17 2.082073e-02 1.653849e-02 0 0 0 0 3.170122e-11 0.000000e+00
58 18 2.082073e-02 2.082073e-02 0 0 0 0 1.115297e-11 0.000000e+00
58 19 2.082073e-02 2.621174e-02 0 0 0 0 6.438101e-13 0.000000e+00
59 0 2.621174e-02 3.299863e-04 0 0 0 0 9.076975e-11 0.000000e+00
59 1 2.621174e-02 4.154281e-04 0 0 0 0 9.076060e-11 0.000000e+00
59 2 2.621174e-02 5.229930e-04 0 0 0 0 9.074480e-11 0.000000e+00
59 3 2.621174e-02 6.584091e-04 0 0 0 0 9.071941e-11 0.000000e+00
59 4 2.621174e-02 8.288880e-04 0 0 0 0 9.067944e-11 0.000000e+00
59 5 2.621174e-02 1.043508e-03 0 0 0 0 9.061606e-11 0.000000e+00
59 6 2.621174e-02 1.313699e-03 0 0 0 0 9.051562e-11 0.000000e+00
59 7 2.621174e-02 1.653849e-03 0 0 0 0 9.035649e-11 0.000000e+00
59 8 2.621174e-02 2.082073e-03 0 0 0 0 9.010442e-11 0.000000e+00
59 9 2.621174e-02 2.621174e-03 0 0 0 0 8.970526e-11 0.000000e+00
59 10 2.621174e-02 3.299863e-03 0 0 0 0 8.907347e-11 0.000000e+00
59 11 2.621174e-02 4.154281e-03 0 0 0 0 8.807430e-11 0.000000e+00
59 12 2.621174e-02 5.229930e-03 0 0 0 0 8.649615e-11 0.000000e+00
59 13 2.621174e-02 6.584091e-03 0 0 0 0 8.400889e-11 0.000000e+00
59 14 2.621174e-02 8.288880e-03 0 0 0 0 8.010287e-11 0.000000e+00
59 15 2.621174e-02 1.043508e-02 0 0 0 0 7.400729e-11 0.000000e+00
59 16 2.621174e-02 1.313699e-02 0 0 0 0 6.460482e-11 0.000000e+00
59 17 2.621174e-02 1.653849e-02 0 0 0 0 5.044048e-11 0.000000e+00
59 18 2.621174e-02 2.082073e-02 0 0 0 0 3.027157e-11 0.000000e+00
59 19 2.621174e-02 2.621174e-02 0 0 0 0 7.906946e-12 0.000000e+00
