# Please cite the following papers in research using this covariance:
# arXiv: 1601.05779, https://arxiv.org/abs/1601.05779
# arXiv: 1911.11947, https://arxiv.org/abs/1911.11947
# arXiv: 2004.04833, https://arxiv.org/abs/2004.04833
########################################################
0 0 3.299863e-04 3.299863e-04 0 0 0 0 1.028868e-10 0.000000e+00
0 1 3.299863e-04 4.154281e-04 0 0 0 0 6.697022e-11 0.000000e+00
0 2 3.299863e-04 5.229930e-04 0 0 0 0 6.525434e-11 0.000000e+00
0 3 3.299863e-04 6.584091e-04 0 0 0 0 6.356940e-11 0.000000e+00
0 4 3.299863e-04 8.288880e-04 0 0 0 0 6.192863e-11 0.000000e+00
0 5 3.299863e-04 1.043508e-03 0 0 0 0 6.032065e-11 0.000000e+00
0 6 3.299863e-04 1.313699e-03 0 0 0 0 5.872569e-11 0.000000e+00
0 7 3.299863e-04 1.653849e-03 0 0 0 0 5.711977e-11 0.000000e+00
0 8 3.299863e-04 2.082073e-03 0 0 0 0 5.547141e-11 0.000000e+00
0 9 3.299863e-04 2.621174e-03 0 0 0 0 5.374124e-11 0.000000e+00
0 10 3.299863e-04 3.299863e-03 0 0 0 0 5.188041e-11 0.000000e+00
0 11 3.299863e-04 4.154281e-03 0 0 0 0 4.983104e-11 0.000000e+00
0 12 3.299863e-04 5.229930e-03 0 0 0 0 4.752908e-11 0.000000e+00
0 13 3.299863e-04 6.584091e-03 0 0 0 0 4.490946e-11 0.000000e+00
0 14 3.299863e-04 8.288880e-03 0 0 0 0 4.191441e-11 0.000000e+00
0 15 3.299863e-04 1.043508e-02 0 0 0 0 3.850486e-11 0.000000e+00
0 16 3.299863e-04 1.313699e-02 0 0 0 0 3.467449e-11 0.000000e+00
0 17 3.299863e-04 1.653849e-02 0 0 0 0 3.046458e-11 0.000000e+00
0 18 3.299863e-04 2.082073e-02 0 0 0 0 2.597576e-11 0.000000e+00
0 19 3.299863e-04 2.621174e-02 0 0 0 0 2.137067e-11 0.000000e+00
1 0 4.154281e-04 3.299863e-04 0 0 0 0 6.697022e-11 0.000000e+00
1 1 4.154281e-04 4.154281e-04 0 0 0 0 8.848983e-11 0.000000e+00
1 2 4.154281e-04 5.229930e-04 0 0 0 0 6.530516e-11 0.000000e+00
1 3 4.154281e-04 6.584091e-04 0 0 0 0 6.360789e-11 0.000000e+00
1 4 4.154281e-04 8.288880e-04 0 0 0 0 6.195065e-11 0.000000e+00
1 5 4.154281e-04 1.043508e-03 0 0 0 0 6.033302e-11 0.000000e+00
1 6 4.154281e-04 1.313699e-03 0 0 0 0 5.873287e-11 0.000000e+00
1 7 4.154281e-04 1.653849e-03 0 0 0 0 5.712418e-11 0.000000e+00
1 8 4.154281e-04 2.082073e-03 0 0 0 0 5.547477e-11 0.000000e+00
1 9 4.154281e-04 2.621174e-03 0 0 0 0 5.374454e-11 0.000000e+00
1 10 4.154281e-04 3.299863e-03 0 0 0 0 5.188420e-11 0.000000e+00
1 11 4.154281e-04 4.154281e-03 0 0 0 0 4.983563e-11 0.000000e+00
1 12 4.154281e-04 5.229930e-03 0 0 0 0 4.753455e-11 0.000000e+00
1 13 4.154281e-04 6.584091e-03 0 0 0 0 4.491582e-11 0.000000e+00
1 14 4.154281e-04 8.288880e-03 0 0 0 0 4.192156e-11 0.000000e+00
1 15 4.154281e-04 1.043508e-02 0 0 0 0 3.851265e-11 0.000000e+00
1 16 4.154281e-04 1.313699e-02 0 0 0 0 3.468277e-11 0.000000e+00
1 17 4.154281e-04 1.653849e-02 0 0 0 0 3.047318e-11 0.000000e+00
1 18 4.154281e-04 2.082073e-02 0 0 0 0 2.598455e-11 0.000000e+00
1 19 4.154281e-04 2.621174e-02 0 0 0 0 2.137950e-11 0.000000e+00
2 0 5.229930e-04 3.299863e-04 0 0 0 0 6.525434e-11 0.000000e+00
2 1 5.229930e-04 4.154281e-04 0 0 0 0 6.530516e-11 0.000000e+00
2 2 5.229930e-04 5.229930e-04 0 0 0 0 7.879338e-11 0.000000e+00
2 3 5.229930e-04 6.584091e-04 0 0 0 0 6.365298e-11 0.000000e+00
2 4 5.229930e-04 8.288880e-04 0 0 0 0 6.197386e-11 0.000000e+00
2 5 5.229930e-04 1.043508e-03 0 0 0 0 6.033867e-11 0.000000e+00
2 6 5.229930e-04 1.313699e-03 0 0 0 0 5.872917e-11 0.000000e+00
2 7 5.229930e-04 1.653849e-03 0 0 0 0 5.711603e-11 0.000000e+00
2 8 5.229930e-04 2.082073e-03 0 0 0 0 5.546488e-11 0.000000e+00
2 9 5.229930e-04 2.621174e-03 0 0 0 0 5.373449e-11 0.000000e+00
2 10 5.229930e-04 3.299863e-03 0 0 0 0 5.187490e-11 0.000000e+00
2 11 5.229930e-04 4.154281e-03 0 0 0 0 4.982757e-11 0.000000e+00
2 12 5.229930e-04 5.229930e-03 0 0 0 0 4.752792e-11 0.000000e+00
2 13 5.229930e-04 6.584091e-03 0 0 0 0 4.491058e-11 0.000000e+00
2 14 5.229930e-04 8.288880e-03 0 0 0 0 4.191757e-11 0.000000e+00
2 15 5.229930e-04 1.043508e-02 0 0 0 0 3.850971e-11 0.000000e+00
2 16 5.229930e-04 1.313699e-02 0 0 0 0 3.468062e-11 0.000000e+00
2 17 5.229930e-04 1.653849e-02 0 0 0 0 3.047161e-11 0.000000e+00
2 18 5.229930e-04 2.082073e-02 0 0 0 0 2.598334e-11 0.000000e+00
2 19 5.229930e-04 2.621174e-02 0 0 0 0 2.137849e-11 0.000000e+00
3 0 6.584091e-04 3.299863e-04 0 0 0 0 6.356940e-11 0.000000e+00
3 1 6.584091e-04 4.154281e-04 0 0 0 0 6.360789e-11 0.000000e+00
3 2 6.584091e-04 5.229930e-04 0 0 0 0 6.365298e-11 0.000000e+00
3 3 6.584091e-04 6.584091e-04 0 0 0 0 7.208210e-11 0.000000e+00
3 4 6.584091e-04 8.288880e-04 0 0 0 0 6.201703e-11 0.000000e+00
3 5 6.584091e-04 1.043508e-03 0 0 0 0 6.035292e-11 0.000000e+00
3 6 6.584091e-04 1.313699e-03 0 0 0 0 5.872623e-11 0.000000e+00
3 7 6.584091e-04 1.653849e-03 0 0 0 0 5.710516e-11 0.000000e+00
3 8 6.584091e-04 2.082073e-03 0 0 0 0 5.545096e-11 0.000000e+00
3 9 6.584091e-04 2.621174e-03 0 0 0 0 5.372019e-11 0.000000e+00
3 10 6.584091e-04 3.299863e-03 0 0 0 0 5.186176e-11 0.000000e+00
3 11 6.584091e-04 4.154281e-03 0 0 0 0 4.981637e-11 0.000000e+00
3 12 6.584091e-04 5.229930e-03 0 0 0 0 4.751898e-11 0.000000e+00
3 13 6.584091e-04 6.584091e-03 0 0 0 0 4.490386e-11 0.000000e+00
3 14 6.584091e-04 8.288880e-03 0 0 0 0 4.191284e-11 0.000000e+00
3 15 6.584091e-04 1.043508e-02 0 0 0 0 3.850663e-11 0.000000e+00
3 16 6.584091e-04 1.313699e-02 0 0 0 0 3.467883e-11 0.000000e+00
3 17 6.584091e-04 1.653849e-02 0 0 0 0 3.047073e-11 0.000000e+00
3 18 6.584091e-04 2.082073e-02 0 0 0 0 2.598305e-11 0.000000e+00
3 19 6.584091e-04 2.621174e-02 0 0 0 0 2.137853e-11 0.000000e+00
4 0 8.288880e-04 3.299863e-04 0 0 0 0 6.192863e-11 0.000000e+00
4 1 8.288880e-04 4.154281e-04 0 0 0 0 6.195065e-11 0.000000e+00
4 2 8.288880e-04 5.229930e-04 0 0 0 0 6.197386e-11 0.000000e+00
4 3 8.288880e-04 6.584091e-04 0 0 0 0 6.201703e-11 0.000000e+00
4 4 8.288880e-04 8.288880e-04 0 0 0 0 6.725033e-11 0.000000e+00
4 5 8.288880e-04 1.043508e-03 0 0 0 0 6.038446e-11 0.000000e+00
4 6 8.288880e-04 1.313699e-03 0 0 0 0 5.872573e-11 0.000000e+00
4 7 8.288880e-04 1.653849e-03 0 0 0 0 5.708923e-11 0.000000e+00
4 8 8.288880e-04 2.082073e-03 0 0 0 0 5.542927e-11 0.000000e+00
4 9 8.288880e-04 2.621174e-03 0 0 0 0 5.369761e-11 0.000000e+00
4 10 8.288880e-04 3.299863e-03 0 0 0 0 5.184089e-11 0.000000e+00
4 11 8.288880e-04 4.154281e-03 0 0 0 0 4.979856e-11 0.000000e+00
4 12 8.288880e-04 5.229930e-03 0 0 0 0 4.750470e-11 0.000000e+00
4 13 8.288880e-04 6.584091e-03 0 0 0 0 4.489311e-11 0.000000e+00
4 14 8.288880e-04 8.288880e-03 0 0 0 0 4.190524e-11 0.000000e+00
4 15 8.288880e-04 1.043508e-02 0 0 0 0 3.850165e-11 0.000000e+00
4 16 8.288880e-04 1.313699e-02 0 0 0 0 3.467587e-11 0.000000e+00
4 17 8.288880e-04 1.653849e-02 0 0 0 0 3.046922e-11 0.000000e+00
4 18 8.288880e-04 2.082073e-02 0 0 0 0 2.598247e-11 0.000000e+00
4 19 8.288880e-04 2.621174e-02 0 0 0 0 2.137846e-11 0.000000e+00
5 0 1.043508e-03 3.299863e-04 0 0 0 0 6.032065e-11 0.000000e+00
5 1 1.043508e-03 4.154281e-04 0 0 0 0 6.033302e-11 0.000000e+00
5 2 1.043508e-03 5.229930e-04 0 0 0 0 6.033867e-11 0.000000e+00
5 3 1.043508e-03 6.584091e-04 0 0 0 0 6.035292e-11 0.000000e+00
5 4 1.043508e-03 8.288880e-04 0 0 0 0 6.038446e-11 0.000000e+00
5 5 1.043508e-03 1.043508e-03 0 0 0 0 6.359331e-11 0.000000e+00
5 6 1.043508e-03 1.313699e-03 0 0 0 0 5.873739e-11 0.000000e+00
5 7 1.043508e-03 1.653849e-03 0 0 0 0 5.706870e-11 0.000000e+00
5 8 1.043508e-03 2.082073e-03 0 0 0 0 5.539680e-11 0.000000e+00
5 9 1.043508e-03 2.621174e-03 0 0 0 0 5.366283e-11 0.000000e+00
5 10 1.043508e-03 3.299863e-03 0 0 0 0 5.180850e-11 0.000000e+00
5 11 1.043508e-03 4.154281e-03 0 0 0 0 4.977087e-11 0.000000e+00
5 12 1.043508e-03 5.229930e-03 0 0 0 0 4.748261e-11 0.000000e+00
5 13 1.043508e-03 6.584091e-03 0 0 0 0 4.487658e-11 0.000000e+00
5 14 1.043508e-03 8.288880e-03 0 0 0 0 4.189371e-11 0.000000e+00
5 15 1.043508e-03 1.043508e-02 0 0 0 0 3.849427e-11 0.000000e+00
5 16 1.043508e-03 1.313699e-02 0 0 0 0 3.467171e-11 0.000000e+00
5 17 1.043508e-03 1.653849e-02 0 0 0 0 3.046735e-11 0.000000e+00
5 18 1.043508e-03 2.082073e-02 0 0 0 0 2.598207e-11 0.000000e+00
5 19 1.043508e-03 2.621174e-02 0 0 0 0 2.137886e-11 0.000000e+00
6 0 1.313699e-03 3.299863e-04 0 0 0 0 5.872569e-11 0.000000e+00
6 1 1.313699e-03 4.154281e-04 0 0 0 0 5.873287e-11 0.000000e+00
6 2 1.313699e-03 5.229930e-04 0 0 0 0 5.872917e-11 0.000000e+00
6 3 1.313699e-03 6.584091e-04 0 0 0 0 5.872623e-11 0.000000e+00
6 4 1.313699e-03 8.288880e-04 0 0 0 0 5.872573e-11 0.000000e+00
6 5 1.313699e-03 1.043508e-03 0 0 0 0 5.873739e-11 0.000000e+00
6 6 1.313699e-03 1.313699e-03 0 0 0 0 6.065305e-11 0.000000e+00
6 7 1.313699e-03 1.653849e-03 0 0 0 0 5.704991e-11 0.000000e+00
6 8 1.313699e-03 2.082073e-03 0 0 0 0 5.534918e-11 0.000000e+00
6 9 1.313699e-03 2.621174e-03 0 0 0 0 5.360869e-11 0.000000e+00
6 10 1.313699e-03 3.299863e-03 0 0 0 0 5.175725e-11 0.000000e+00
6 11 1.313699e-03 4.154281e-03 0 0 0 0 4.972676e-11 0.000000e+00
6 12 1.313699e-03 5.229930e-03 0 0 0 0 4.744726e-11 0.000000e+00
6 13 1.313699e-03 6.584091e-03 0 0 0 0 4.485002e-11 0.000000e+00
6 14 1.313699e-03 8.288880e-03 0 0 0 0 4.187508e-11 0.000000e+00
6 15 1.313699e-03 1.043508e-02 0 0 0 0 3.848224e-11 0.000000e+00
6 16 1.313699e-03 1.313699e-02 0 0 0 0 3.466477e-11 0.000000e+00
6 17 1.313699e-03 1.653849e-02 0 0 0 0 3.046404e-11 0.000000e+00
6 18 1.313699e-03 2.082073e-02 0 0 0 0 2.598110e-11 0.000000e+00
6 19 1.313699e-03 2.621174e-02 0 0 0 0 2.137917e-11 0.000000e+00
7 0 1.653849e-03 3.299863e-04 0 0 0 0 5.711977e-11 0.000000e+00
7 1 1.653849e-03 4.154281e-04 0 0 0 0 5.712418e-11 0.000000e+00
7 2 1.653849e-03 5.229930e-04 0 0 0 0 5.711603e-11 0.000000e+00
7 3 1.653849e-03 6.584091e-04 0 0 0 0 5.710516e-11 0.000000e+00
7 4 1.653849e-03 8.288880e-04 0 0 0 0 5.708923e-11 0.000000e+00
7 5 1.653849e-03 1.043508e-03 0 0 0 0 5.706870e-11 0.000000e+00
7 6 1.653849e-03 1.313699e-03 0 0 0 0 5.704991e-11 0.000000e+00
7 7 1.653849e-03 1.653849e-03 0 0 0 0 5.812723e-11 0.000000e+00
7 8 1.653849e-03 2.082073e-03 0 0 0 0 5.528893e-11 0.000000e+00
7 9 1.653849e-03 2.621174e-03 0 0 0 0 5.352706e-11 0.000000e+00
7 10 1.653849e-03 3.299863e-03 0 0 0 0 5.167732e-11 0.000000e+00
7 11 1.653849e-03 4.154281e-03 0 0 0 0 4.965725e-11 0.000000e+00
7 12 1.653849e-03 5.229930e-03 0 0 0 0 4.739134e-11 0.000000e+00
7 13 1.653849e-03 6.584091e-03 0 0 0 0 4.480797e-11 0.000000e+00
7 14 1.653849e-03 8.288880e-03 0 0 0 0 4.184560e-11 0.000000e+00
7 15 1.653849e-03 1.043508e-02 0 0 0 0 3.846322e-11 0.000000e+00
7 16 1.653849e-03 1.313699e-02 0 0 0 0 3.465384e-11 0.000000e+00
7 17 1.653849e-03 1.653849e-02 0 0 0 0 3.045889e-11 0.000000e+00
7 18 1.653849e-03 2.082073e-02 0 0 0 0 2.597966e-11 0.000000e+00
7 19 1.653849e-03 2.621174e-02 0 0 0 0 2.137977e-11 0.000000e+00
8 0 2.082073e-03 3.299863e-04 0 0 0 0 5.547141e-11 0.000000e+00
8 1 2.082073e-03 4.154281e-04 0 0 0 0 5.547477e-11 0.000000e+00
8 2 2.082073e-03 5.229930e-04 0 0 0 0 5.546488e-11 0.000000e+00
8 3 2.082073e-03 6.584091e-04 0 0 0 0 5.545096e-11 0.000000e+00
8 4 2.082073e-03 8.288880e-04 0 0 0 0 5.542927e-11 0.000000e+00
8 5 2.082073e-03 1.043508e-03 0 0 0 0 5.539680e-11 0.000000e+00
8 6 2.082073e-03 1.313699e-03 0 0 0 0 5.534918e-11 0.000000e+00
8 7 2.082073e-03 1.653849e-03 0 0 0 0 5.528893e-11 0.000000e+00
8 8 2.082073e-03 2.082073e-03 0 0 0 0 5.580620e-11 0.000000e+00
8 9 2.082073e-03 2.621174e-03 0 0 0 0 5.341314e-11 0.000000e+00
8 10 2.082073e-03 3.299863e-03 0 0 0 0 5.155439e-11 0.000000e+00
8 11 2.082073e-03 4.154281e-03 0 0 0 0 4.954794e-11 0.000000e+00
8 12 2.082073e-03 5.229930e-03 0 0 0 0 4.730274e-11 0.000000e+00
8 13 2.082073e-03 6.584091e-03 0 0 0 0 4.474117e-11 0.000000e+00
8 14 2.082073e-03 8.288880e-03 0 0 0 0 4.179871e-11 0.000000e+00
8 15 2.082073e-03 1.043508e-02 0 0 0 0 3.843296e-11 0.000000e+00
8 16 2.082073e-03 1.313699e-02 0 0 0 0 3.463646e-11 0.000000e+00
8 17 2.082073e-03 1.653849e-02 0 0 0 0 3.045068e-11 0.000000e+00
8 18 2.082073e-03 2.082073e-02 0 0 0 0 2.597735e-11 0.000000e+00
8 19 2.082073e-03 2.621174e-02 0 0 0 0 2.138069e-11 0.000000e+00
9 0 2.621174e-03 3.299863e-04 0 0 0 0 5.374124e-11 0.000000e+00
9 1 2.621174e-03 4.154281e-04 0 0 0 0 5.374454e-11 0.000000e+00
9 2 2.621174e-03 5.229930e-04 0 0 0 0 5.373449e-11 0.000000e+00
9 3 2.621174e-03 6.584091e-04 0 0 0 0 5.372019e-11 0.000000e+00
9 4 2.621174e-03 8.288880e-04 0 0 0 0 5.369761e-11 0.000000e+00
9 5 2.621174e-03 1.043508e-03 0 0 0 0 5.366283e-11 0.000000e+00
9 6 2.621174e-03 1.313699e-03 0 0 0 0 5.360869e-11 0.000000e+00
9 7 2.621174e-03 1.653849e-03 0 0 0 0 5.352706e-11 0.000000e+00
9 8 2.621174e-03 2.082073e-03 0 0 0 0 5.341314e-11 0.000000e+00
9 9 2.621174e-03 2.621174e-03 0 0 0 0 5.353719e-11 0.000000e+00
9 10 2.621174e-03 3.299863e-03 0 0 0 0 5.137455e-11 0.000000e+00
9 11 2.621174e-03 4.154281e-03 0 0 0 0 4.937769e-11 0.000000e+00
9 12 2.621174e-03 5.229930e-03 0 0 0 0 4.716256e-11 0.000000e+00
9 13 2.621174e-03 6.584091e-03 0 0 0 0 4.463492e-11 0.000000e+00
9 14 2.621174e-03 8.288880e-03 0 0 0 0 4.172399e-11 0.000000e+00
9 15 2.621174e-03 1.043508e-02 0 0 0 0 3.838472e-11 0.000000e+00
9 16 2.621174e-03 1.313699e-02 0 0 0 0 3.460872e-11 0.000000e+00
9 17 2.621174e-03 1.653849e-02 0 0 0 0 3.043756e-11 0.000000e+00
9 18 2.621174e-03 2.082073e-02 0 0 0 0 2.597363e-11 0.000000e+00
9 19 2.621174e-03 2.621174e-02 0 0 0 0 2.138212e-11 0.000000e+00
10 0 3.299863e-03 3.299863e-04 0 0 0 0 5.188041e-11 0.000000e+00
10 1 3.299863e-03 4.154281e-04 0 0 0 0 5.188420e-11 0.000000e+00
10 2 3.299863e-03 5.229930e-04 0 0 0 0 5.187490e-11 0.000000e+00
10 3 3.299863e-03 6.584091e-04 0 0 0 0 5.186176e-11 0.000000e+00
10 4 3.299863e-03 8.288880e-04 0 0 0 0 5.184089e-11 0.000000e+00
10 5 3.299863e-03 1.043508e-03 0 0 0 0 5.180850e-11 0.000000e+00
10 6 3.299863e-03 1.313699e-03 0 0 0 0 5.175725e-11 0.000000e+00
10 7 3.299863e-03 1.653849e-03 0 0 0 0 5.167732e-11 0.000000e+00
10 8 3.299863e-03 2.082073e-03 0 0 0 0 5.155439e-11 0.000000e+00
10 9 3.299863e-03 2.621174e-03 0 0 0 0 5.137455e-11 0.000000e+00
10 10 3.299863e-03 3.299863e-03 0 0 0 0 5.120236e-11 0.000000e+00
10 11 3.299863e-03 4.154281e-03 0 0 0 0 4.912120e-11 0.000000e+00
10 12 3.299863e-03 5.229930e-03 0 0 0 0 4.694188e-11 0.000000e+00
10 13 3.299863e-03 6.584091e-03 0 0 0 0 4.446575e-11 0.000000e+00
10 14 3.299863e-03 8.288880e-03 0 0 0 0 4.160463e-11 0.000000e+00
10 15 3.299863e-03 1.043508e-02 0 0 0 0 3.830756e-11 0.000000e+00
10 16 3.299863e-03 1.313699e-02 0 0 0 0 3.456432e-11 0.000000e+00
10 17 3.299863e-03 1.653849e-02 0 0 0 0 3.041654e-11 0.000000e+00
10 18 3.299863e-03 2.082073e-02 0 0 0 0 2.596762e-11 0.000000e+00
10 19 3.299863e-03 2.621174e-02 0 0 0 0 2.138433e-11 0.000000e+00
11 0 4.154281e-03 3.299863e-04 0 0 0 0 4.983104e-11 0.000000e+00
11 1 4.154281e-03 4.154281e-04 0 0 0 0 4.983563e-11 0.000000e+00
11 2 4.154281e-03 5.229930e-04 0 0 0 0 4.982757e-11 0.000000e+00
11 3 4.154281e-03 6.584091e-04 0 0 0 0 4.981637e-11 0.000000e+00
11 4 4.154281e-03 8.288880e-04 0 0 0 0 4.979856e-11 0.000000e+00
11 5 4.154281e-03 1.043508e-03 0 0 0 0 4.977087e-11 0.000000e+00
11 6 4.154281e-03 1.313699e-03 0 0 0 0 4.972676e-11 0.000000e+00
11 7 4.154281e-03 1.653849e-03 0 0 0 0 4.965725e-11 0.000000e+00
11 8 4.154281e-03 2.082073e-03 0 0 0 0 4.954794e-11 0.000000e+00
11 9 4.154281e-03 2.621174e-03 0 0 0 0 4.937769e-11 0.000000e+00
11 10 4.154281e-03 3.299863e-03 0 0 0 0 4.912120e-11 0.000000e+00
11 11 4.154281e-03 4.154281e-03 0 0 0 0 4.870735e-11 0.000000e+00
11 12 4.154281e-03 5.229930e-03 0 0 0 0 4.660186e-11 0.000000e+00
11 13 4.154281e-03 6.584091e-03 0 0 0 0 4.419652e-11 0.000000e+00
11 14 4.154281e-03 8.288880e-03 0 0 0 0 4.141315e-11 0.000000e+00
11 15 4.154281e-03 1.043508e-02 0 0 0 0 3.818351e-11 0.000000e+00
11 16 4.154281e-03 1.313699e-02 0 0 0 0 3.449285e-11 0.000000e+00
11 17 4.154281e-03 1.653849e-02 0 0 0 0 3.038259e-11 0.000000e+00
11 18 4.154281e-03 2.082073e-02 0 0 0 0 2.595778e-11 0.000000e+00
11 19 4.154281e-03 2.621174e-02 0 0 0 0 2.138768e-11 0.000000e+00
12 0 5.229930e-03 3.299863e-04 0 0 0 0 4.752908e-11 0.000000e+00
12 1 5.229930e-03 4.154281e-04 0 0 0 0 4.753455e-11 0.000000e+00
12 2 5.229930e-03 5.229930e-04 0 0 0 0 4.752792e-11 0.000000e+00
12 3 5.229930e-03 6.584091e-04 0 0 0 0 4.751898e-11 0.000000e+00
12 4 5.229930e-03 8.288880e-04 0 0 0 0 4.750470e-11 0.000000e+00
12 5 5.229930e-03 1.043508e-03 0 0 0 0 4.748261e-11 0.000000e+00
12 6 5.229930e-03 1.313699e-03 0 0 0 0 4.744726e-11 0.000000e+00
12 7 5.229930e-03 1.653849e-03 0 0 0 0 4.739134e-11 0.000000e+00
12 8 5.229930e-03 2.082073e-03 0 0 0 0 4.730274e-11 0.000000e+00
12 9 5.229930e-03 2.621174e-03 0 0 0 0 4.716256e-11 0.000000e+00
12 10 5.229930e-03 3.299863e-03 0 0 0 0 4.694188e-11 0.000000e+00
12 11 5.229930e-03 4.154281e-03 0 0 0 0 4.660186e-11 0.000000e+00
12 12 5.229930e-03 5.229930e-03 0 0 0 0 4.597775e-11 0.000000e+00
12 13 5.229930e-03 6.584091e-03 0 0 0 0 4.377304e-11 0.000000e+00
12 14 5.229930e-03 8.288880e-03 0 0 0 0 4.110457e-11 0.000000e+00
12 15 5.229930e-03 1.043508e-02 0 0 0 0 3.798249e-11 0.000000e+00
12 16 5.229930e-03 1.313699e-02 0 0 0 0 3.437679e-11 0.000000e+00
12 17 5.229930e-03 1.653849e-02 0 0 0 0 3.032721e-11 0.000000e+00
12 18 5.229930e-03 2.082073e-02 0 0 0 0 2.594136e-11 0.000000e+00
12 19 5.229930e-03 2.621174e-02 0 0 0 0 2.139262e-11 0.000000e+00
13 0 6.584091e-03 3.299863e-04 0 0 0 0 4.490946e-11 0.000000e+00
13 1 6.584091e-03 4.154281e-04 0 0 0 0 4.491582e-11 0.000000e+00
13 2 6.584091e-03 5.229930e-04 0 0 0 0 4.491058e-11 0.000000e+00
13 3 6.584091e-03 6.584091e-04 0 0 0 0 4.490386e-11 0.000000e+00
13 4 6.584091e-03 8.288880e-04 0 0 0 0 4.489311e-11 0.000000e+00
13 5 6.584091e-03 1.043508e-03 0 0 0 0 4.487658e-11 0.000000e+00
13 6 6.584091e-03 1.313699e-03 0 0 0 0 4.485002e-11 0.000000e+00
13 7 6.584091e-03 1.653849e-03 0 0 0 0 4.480797e-11 0.000000e+00
13 8 6.584091e-03 2.082073e-03 0 0 0 0 4.474117e-11 0.000000e+00
13 9 6.584091e-03 2.621174e-03 0 0 0 0 4.463492e-11 0.000000e+00
13 10 6.584091e-03 3.299863e-03 0 0 0 0 4.446575e-11 0.000000e+00
13 11 6.584091e-03 4.154281e-03 0 0 0 0 4.419652e-11 0.000000e+00
13 12 6.584091e-03 5.229930e-03 0 0 0 0 4.377304e-11 0.000000e+00
13 13 6.584091e-03 6.584091e-03 0 0 0 0 4.296111e-11 0.000000e+00
13 14 6.584091e-03 8.288880e-03 0 0 0 0 4.060824e-11 0.000000e+00
13 15 6.584091e-03 1.043508e-02 0 0 0 0 3.765313e-11 0.000000e+00
13 16 6.584091e-03 1.313699e-02 0 0 0 0 3.418568e-11 0.000000e+00
13 17 6.584091e-03 1.653849e-02 0 0 0 0 3.023541e-11 0.000000e+00
13 18 6.584091e-03 2.082073e-02 0 0 0 0 2.591329e-11 0.000000e+00
13 19 6.584091e-03 2.621174e-02 0 0 0 0 2.139948e-11 0.000000e+00
14 0 8.288880e-03 3.299863e-04 0 0 0 0 4.191441e-11 0.000000e+00
14 1 8.288880e-03 4.154281e-04 0 0 0 0 4.192156e-11 0.000000e+00
14 2 8.288880e-03 5.229930e-04 0 0 0 0 4.191757e-11 0.000000e+00
14 3 8.288880e-03 6.584091e-04 0 0 0 0 4.191284e-11 0.000000e+00
14 4 8.288880e-03 8.288880e-04 0 0 0 0 4.190524e-11 0.000000e+00
14 5 8.288880e-03 1.043508e-03 0 0 0 0 4.189371e-11 0.000000e+00
14 6 8.288880e-03 1.313699e-03 0 0 0 0 4.187508e-11 0.000000e+00
14 7 8.288880e-03 1.653849e-03 0 0 0 0 4.184560e-11 0.000000e+00
14 8 8.288880e-03 2.082073e-03 0 0 0 0 4.179871e-11 0.000000e+00
14 9 8.288880e-03 2.621174e-03 0 0 0 0 4.172399e-11 0.000000e+00
14 10 8.288880e-03 3.299863e-03 0 0 0 0 4.160463e-11 0.000000e+00
14 11 8.288880e-03 4.154281e-03 0 0 0 0 4.141315e-11 0.000000e+00
14 12 8.288880e-03 5.229930e-03 0 0 0 0 4.110457e-11 0.000000e+00
14 13 8.288880e-03 6.584091e-03 0 0 0 0 4.060824e-11 0.000000e+00
14 14 8.288880e-03 8.288880e-03 0 0 0 0 3.963308e-11 0.000000e+00
14 15 8.288880e-03 1.043508e-02 0 0 0 0 3.710835e-11 0.000000e+00
14 16 8.288880e-03 1.313699e-02 0 0 0 0 3.386455e-11 0.000000e+00
14 17 8.288880e-03 1.653849e-02 0 0 0 0 3.007949e-11 0.000000e+00
14 18 8.288880e-03 2.082073e-02 0 0 0 0 2.586347e-11 0.000000e+00
14 19 8.288880e-03 2.621174e-02 0 0 0 0 2.140786e-11 0.000000e+00
15 0 1.043508e-02 3.299863e-04 0 0 0 0 3.850486e-11 0.000000e+00
15 1 1.043508e-02 4.154281e-04 0 0 0 0 3.851265e-11 0.000000e+00
15 2 1.043508e-02 5.229930e-04 0 0 0 0 3.850971e-11 0.000000e+00
15 3 1.043508e-02 6.584091e-04 0 0 0 0 3.850663e-11 0.000000e+00
15 4 1.043508e-02 8.288880e-04 0 0 0 0 3.850165e-11 0.000000e+00
15 5 1.043508e-02 1.043508e-03 0 0 0 0 3.849427e-11 0.000000e+00
15 6 1.043508e-02 1.313699e-03 0 0 0 0 3.848224e-11 0.000000e+00
15 7 1.043508e-02 1.653849e-03 0 0 0 0 3.846322e-11 0.000000e+00
15 8 1.043508e-02 2.082073e-03 0 0 0 0 3.843296e-11 0.000000e+00
15 9 1.043508e-02 2.621174e-03 0 0 0 0 3.838472e-11 0.000000e+00
15 10 1.043508e-02 3.299863e-03 0 0 0 0 3.830756e-11 0.000000e+00
15 11 1.043508e-02 4.154281e-03 0 0 0 0 3.818351e-11 0.000000e+00
15 12 1.043508e-02 5.229930e-03 0 0 0 0 3.798249e-11 0.000000e+00
15 13 1.043508e-02 6.584091e-03 0 0 0 0 3.765313e-11 0.000000e+00
15 14 1.043508e-02 8.288880e-03 0 0 0 0 3.710835e-11 0.000000e+00
15 15 1.043508e-02 1.043508e-02 0 0 0 0 3.600525e-11 0.000000e+00
15 16 1.043508e-02 1.313699e-02 0 0 0 0 3.331145e-11 0.000000e+00
15 17 1.043508e-02 1.653849e-02 0 0 0 0 2.980495e-11 0.000000e+00
15 18 1.043508e-02 2.082073e-02 0 0 0 0 2.577052e-11 0.000000e+00
15 19 1.043508e-02 2.621174e-02 0 0 0 0 2.141468e-11 0.000000e+00
16 0 1.313699e-02 3.299863e-04 0 0 0 0 3.467449e-11 0.000000e+00
16 1 1.313699e-02 4.154281e-04 0 0 0 0 3.468277e-11 0.000000e+00
16 2 1.313699e-02 5.229930e-04 0 0 0 0 3.468062e-11 0.000000e+00
16 3 1.313699e-02 6.584091e-04 0 0 0 0 3.467883e-11 0.000000e+00
16 4 1.313699e-02 8.288880e-04 0 0 0 0 3.467587e-11 0.000000e+00
16 5 1.313699e-02 1.043508e-03 0 0 0 0 3.467171e-11 0.000000e+00
16 6 1.313699e-02 1.313699e-03 0 0 0 0 3.466477e-11 0.000000e+00
16 7 1.313699e-02 1.653849e-03 0 0 0 0 3.465384e-11 0.000000e+00
16 8 1.313699e-02 2.082073e-03 0 0 0 0 3.463646e-11 0.000000e+00
16 9 1.313699e-02 2.621174e-03 0 0 0 0 3.460872e-11 0.000000e+00
16 10 1.313699e-02 3.299863e-03 0 0 0 0 3.456432e-11 0.000000e+00
16 11 1.313699e-02 4.154281e-03 0 0 0 0 3.449285e-11 0.000000e+00
16 12 1.313699e-02 5.229930e-03 0 0 0 0 3.437679e-11 0.000000e+00
16 13 1.313699e-02 6.584091e-03 0 0 0 0 3.418568e-11 0.000000e+00
16 14 1.313699e-02 8.288880e-03 0 0 0 0 3.386455e-11 0.000000e+00
16 15 1.313699e-02 1.043508e-02 0 0 0 0 3.331145e-11 0.000000e+00
16 16 1.313699e-02 1.313699e-02 0 0 0 0 3.213175e-11 0.000000e+00
16 17 1.313699e-02 1.653849e-02 0 0 0 0 2.929831e-11 0.000000e+00
16 18 1.313699e-02 2.082073e-02 0 0 0 0 2.558557e-11 0.000000e+00
16 19 1.313699e-02 2.621174e-02 0 0 0 0 2.140829e-11 0.000000e+00
17 0 1.653849e-02 3.299863e-04 0 0 0 0 3.046458e-11 0.000000e+00
17 1 1.653849e-02 4.154281e-04 0 0 0 0 3.047318e-11 0.000000e+00
17 2 1.653849e-02 5.229930e-04 0 0 0 0 3.047161e-11 0.000000e+00
17 3 1.653849e-02 6.584091e-04 0 0 0 0 3.047073e-11 0.000000e+00
17 4 1.653849e-02 8.288880e-04 0 0 0 0 3.046922e-11 0.000000e+00
17 5 1.653849e-02 1.043508e-03 0 0 0 0 3.046735e-11 0.000000e+00
17 6 1.653849e-02 1.313699e-03 0 0 0 0 3.046404e-11 0.000000e+00
17 7 1.653849e-02 1.653849e-03 0 0 0 0 3.045889e-11 0.000000e+00
17 8 1.653849e-02 2.082073e-03 0 0 0 0 3.045068e-11 0.000000e+00
17 9 1.653849e-02 2.621174e-03 0 0 0 0 3.043756e-11 0.000000e+00
17 10 1.653849e-02 3.299863e-03 0 0 0 0 3.041654e-11 0.000000e+00
17 11 1.653849e-02 4.154281e-03 0 0 0 0 3.038259e-11 0.000000e+00
17 12 1.653849e-02 5.229930e-03 0 0 0 0 3.032721e-11 0.000000e+00
17 13 1.653849e-02 6.584091e-03 0 0 0 0 3.023541e-11 0.000000e+00
17 14 1.653849e-02 8.288880e-03 0 0 0 0 3.007949e-11 0.000000e+00
17 15 1.653849e-02 1.043508e-02 0 0 0 0 2.980495e-11 0.000000e+00
17 16 1.653849e-02 1.313699e-02 0 0 0 0 2.929831e-11 0.000000e+00
17 17 1.653849e-02 1.653849e-02 0 0 0 0 2.810976e-11 0.000000e+00
17 18 1.653849e-02 2.082073e-02 0 0 0 0 2.518846e-11 0.000000e+00
17 19 1.653849e-02 2.621174e-02 0 0 0 0 2.135081e-11 0.000000e+00
18 0 2.082073e-02 3.299863e-04 0 0 0 0 2.597576e-11 0.000000e+00
18 1 2.082073e-02 4.154281e-04 0 0 0 0 2.598455e-11 0.000000e+00
18 2 2.082073e-02 5.229930e-04 0 0 0 0 2.598334e-11 0.000000e+00
18 3 2.082073e-02 6.584091e-04 0 0 0 0 2.598305e-11 0.000000e+00
18 4 2.082073e-02 8.288880e-04 0 0 0 0 2.598247e-11 0.000000e+00
18 5 2.082073e-02 1.043508e-03 0 0 0 0 2.598207e-11 0.000000e+00
18 6 2.082073e-02 1.313699e-03 0 0 0 0 2.598110e-11 0.000000e+00
18 7 2.082073e-02 1.653849e-03 0 0 0 0 2.597966e-11 0.000000e+00
18 8 2.082073e-02 2.082073e-03 0 0 0 0 2.597735e-11 0.000000e+00
18 9 2.082073e-02 2.621174e-03 0 0 0 0 2.597363e-11 0.000000e+00
18 10 2.082073e-02 3.299863e-03 0 0 0 0 2.596762e-11 0.000000e+00
18 11 2.082073e-02 4.154281e-03 0 0 0 0 2.595778e-11 0.000000e+00
18 12 2.082073e-02 5.229930e-03 0 0 0 0 2.594136e-11 0.000000e+00
18 13 2.082073e-02 6.584091e-03 0 0 0 0 2.591329e-11 0.000000e+00
18 14 2.082073e-02 8.288880e-03 0 0 0 0 2.586347e-11 0.000000e+00
18 15 2.082073e-02 1.043508e-02 0 0 0 0 2.577052e-11 0.000000e+00
18 16 2.082073e-02 1.313699e-02 0 0 0 0 2.558557e-11 0.000000e+00
18 17 2.082073e-02 1.653849e-02 0 0 0 0 2.518846e-11 0.000000e+00
18 18 2.082073e-02 2.082073e-02 0 0 0 0 2.406835e-11 0.000000e+00
18 19 2.082073e-02 2.621174e-02 0 0 0 0 2.112212e-11 0.000000e+00
19 0 2.621174e-02 3.299863e-04 0 0 0 0 2.137067e-11 0.000000e+00
19 1 2.621174e-02 4.154281e-04 0 0 0 0 2.137950e-11 0.000000e+00
19 2 2.621174e-02 5.229930e-04 0 0 0 0 2.137849e-11 0.000000e+00
19 3 2.621174e-02 6.584091e-04 0 0 0 0 2.137853e-11 0.000000e+00
19 4 2.621174e-02 8.288880e-04 0 0 0 0 2.137846e-11 0.000000e+00
19 5 2.621174e-02 1.043508e-03 0 0 0 0 2.137886e-11 0.000000e+00
19 6 2.621174e-02 1.313699e-03 0 0 0 0 2.137917e-11 0.000000e+00
19 7 2.621174e-02 1.653849e-03 0 0 0 0 2.137977e-11 0.000000e+00
19 8 2.621174e-02 2.082073e-03 0 0 0 0 2.138069e-11 0.000000e+00
19 9 2.621174e-02 2.621174e-03 0 0 0 0 2.138212e-11 0.000000e+00
19 10 2.621174e-02 3.299863e-03 0 0 0 0 2.138433e-11 0.000000e+00
19 11 2.621174e-02 4.154281e-03 0 0 0 0 2.138768e-11 0.000000e+00
19 12 2.621174e-02 5.229930e-03 0 0 0 0 2.139262e-11 0.000000e+00
19 13 2.621174e-02 6.584091e-03 0 0 0 0 2.139948e-11 0.000000e+00
19 14 2.621174e-02 8.288880e-03 0 0 0 0 2.140786e-11 0.000000e+00
19 15 2.621174e-02 1.043508e-02 0 0 0 0 2.141468e-11 0.000000e+00
19 16 2.621174e-02 1.313699e-02 0 0 0 0 2.140829e-11 0.000000e+00
19 17 2.621174e-02 1.653849e-02 0 0 0 0 2.135081e-11 0.000000e+00
19 18 2.621174e-02 2.082073e-02 0 0 0 0 2.112212e-11 0.000000e+00
19 19 2.621174e-02 2.621174e-02 0 0 0 0 2.014462e-11 0.000000e+00
