# Please cite the following papers in research using this covariance:
# arXiv: 1601.05779, https://arxiv.org/abs/1601.05779
# arXiv: 1911.11947, https://arxiv.org/abs/1911.11947
# arXiv: 2004.04833, https://arxiv.org/abs/2004.04833
########################################################
40 20 3.299863e-04 3.299863e-04 0 0 0 0 1.439145e-12 0.000000e+00
40 21 3.299863e-04 4.154281e-04 0 0 0 0 5.020449e-12 0.000000e+00
40 22 3.299863e-04 5.229930e-04 0 0 0 0 5.576407e-12 0.000000e+00
40 23 3.299863e-04 6.584091e-04 0 0 0 0 4.466727e-12 0.000000e+00
40 24 3.299863e-04 8.288880e-04 0 0 0 0 3.180441e-12 0.000000e+00
40 25 3.299863e-04 1.043508e-03 0 0 0 0 2.149207e-12 0.000000e+00
40 26 3.299863e-04 1.313699e-03 0 0 0 0 1.418196e-12 0.000000e+00
40 27 3.299863e-04 1.653849e-03 0 0 0 0 9.243671e-13 0.000000e+00
40 28 3.299863e-04 2.082073e-03 0 0 0 0 5.999149e-13 0.000000e+00
40 29 3.299863e-04 2.621174e-03 0 0 0 0 3.891797e-13 0.000000e+00
40 30 3.299863e-04 3.299863e-03 0 0 0 0 2.534264e-13 0.000000e+00
40 31 3.299863e-04 4.154281e-03 0 0 0 0 1.665286e-13 0.000000e+00
40 32 3.299863e-04 5.229930e-03 0 0 0 0 1.111010e-13 0.000000e+00
40 33 3.299863e-04 6.584091e-03 0 0 0 0 7.585998e-14 0.000000e+00
40 34 3.299863e-04 8.288880e-03 0 0 0 0 5.319561e-14 0.000000e+00
40 35 3.299863e-04 1.043508e-02 0 0 0 0 3.835618e-14 0.000000e+00
40 36 3.299863e-04 1.313699e-02 0 0 0 0 2.834594e-14 0.000000e+00
40 37 3.299863e-04 1.653849e-02 0 0 0 0 2.124669e-14 0.000000e+00
40 38 3.299863e-04 2.082073e-02 0 0 0 0 1.599930e-14 0.000000e+00
40 39 3.299863e-04 2.621174e-02 0 0 0 0 1.195410e-14 0.000000e+00
41 20 4.154281e-04 3.299863e-04 0 0 0 0 1.296618e-14 0.000000e+00
41 21 4.154281e-04 4.154281e-04 0 0 0 0 1.382617e-12 0.000000e+00
41 22 4.154281e-04 5.229930e-04 0 0 0 0 5.055425e-12 0.000000e+00
41 23 4.154281e-04 6.584091e-04 0 0 0 0 5.582765e-12 0.000000e+00
41 24 4.154281e-04 8.288880e-04 0 0 0 0 4.455372e-12 0.000000e+00
41 25 4.154281e-04 1.043508e-03 0 0 0 0 3.173907e-12 0.000000e+00
41 26 4.154281e-04 1.313699e-03 0 0 0 0 2.153127e-12 0.000000e+00
41 27 4.154281e-04 1.653849e-03 0 0 0 0 1.427402e-12 0.000000e+00
41 28 4.154281e-04 2.082073e-03 0 0 0 0 9.357363e-13 0.000000e+00
41 29 4.154281e-04 2.621174e-03 0 0 0 0 6.107035e-13 0.000000e+00
41 30 4.154281e-04 3.299863e-03 0 0 0 0 3.990879e-13 0.000000e+00
41 31 4.154281e-04 4.154281e-03 0 0 0 0 2.627946e-13 0.000000e+00
41 32 4.154281e-04 5.229930e-03 0 0 0 0 1.756719e-13 0.000000e+00
41 33 4.154281e-04 6.584091e-03 0 0 0 0 1.200136e-13 0.000000e+00
41 34 4.154281e-04 8.288880e-03 0 0 0 0 8.422499e-14 0.000000e+00
41 35 4.154281e-04 1.043508e-02 0 0 0 0 6.075281e-14 0.000000e+00
41 36 4.154281e-04 1.313699e-02 0 0 0 0 4.489972e-14 0.000000e+00
41 37 4.154281e-04 1.653849e-02 0 0 0 0 3.366457e-14 0.000000e+00
41 38 4.154281e-04 2.082073e-02 0 0 0 0 2.535242e-14 0.000000e+00
41 39 4.154281e-04 2.621174e-02 0 0 0 0 1.894337e-14 0.000000e+00
42 20 5.229930e-04 3.299863e-04 0 0 0 0 -1.136403e-14 0.000000e+00
42 21 5.229930e-04 4.154281e-04 0 0 0 0 -7.040172e-15 0.000000e+00
42 22 5.229930e-04 5.229930e-04 0 0 0 0 1.345689e-12 0.000000e+00
42 23 5.229930e-04 6.584091e-04 0 0 0 0 5.074400e-12 0.000000e+00
42 24 5.229930e-04 8.288880e-04 0 0 0 0 5.576389e-12 0.000000e+00
42 25 5.229930e-04 1.043508e-03 0 0 0 0 4.444978e-12 0.000000e+00
42 26 5.229930e-04 1.313699e-03 0 0 0 0 3.178564e-12 0.000000e+00
42 27 5.229930e-04 1.653849e-03 0 0 0 0 2.167751e-12 0.000000e+00
42 28 5.229930e-04 2.082073e-03 0 0 0 0 1.444631e-12 0.000000e+00
42 29 5.229930e-04 2.621174e-03 0 0 0 0 9.522534e-13 0.000000e+00
42 30 5.229930e-04 3.299863e-03 0 0 0 0 6.260947e-13 0.000000e+00
42 31 5.229930e-04 4.154281e-03 0 0 0 0 4.138424e-13 0.000000e+00
42 32 5.229930e-04 5.229930e-03 0 0 0 0 2.772651e-13 0.000000e+00
42 33 5.229930e-04 6.584091e-03 0 0 0 0 1.897102e-13 0.000000e+00
42 34 5.229930e-04 8.288880e-03 0 0 0 0 1.332624e-13 0.000000e+00
42 35 5.229930e-04 1.043508e-02 0 0 0 0 9.619002e-14 0.000000e+00
42 36 5.229930e-04 1.313699e-02 0 0 0 0 7.110038e-14 0.000000e+00
42 37 5.229930e-04 1.653849e-02 0 0 0 0 5.333191e-14 0.000000e+00
42 38 5.229930e-04 2.082073e-02 0 0 0 0 4.017039e-14 0.000000e+00
42 39 5.229930e-04 2.621174e-02 0 0 0 0 3.001716e-14 0.000000e+00
43 20 6.584091e-04 3.299863e-04 0 0 0 0 -3.996815e-15 0.000000e+00
43 21 6.584091e-04 4.154281e-04 0 0 0 0 -1.060655e-14 0.000000e+00
43 22 6.584091e-04 5.229930e-04 0 0 0 0 -1.687999e-14 0.000000e+00
43 23 6.584091e-04 6.584091e-04 0 0 0 0 1.319942e-12 0.000000e+00
43 24 6.584091e-04 8.288880e-04 0 0 0 0 5.083516e-12 0.000000e+00
43 25 6.584091e-04 1.043508e-03 0 0 0 0 5.569666e-12 0.000000e+00
43 26 6.584091e-04 1.313699e-03 0 0 0 0 4.450379e-12 0.000000e+00
43 27 6.584091e-04 1.653849e-03 0 0 0 0 3.198577e-12 0.000000e+00
43 28 6.584091e-04 2.082073e-03 0 0 0 0 2.193296e-12 0.000000e+00
43 29 6.584091e-04 2.621174e-03 0 0 0 0 1.469971e-12 0.000000e+00
43 30 6.584091e-04 3.299863e-03 0 0 0 0 9.761816e-13 0.000000e+00
43 31 6.584091e-04 4.154281e-03 0 0 0 0 6.491927e-13 0.000000e+00
43 32 6.584091e-04 5.229930e-03 0 0 0 0 4.365671e-13 0.000000e+00
43 33 6.584091e-04 6.584091e-03 0 0 0 0 2.994246e-13 0.000000e+00
43 34 6.584091e-04 8.288880e-03 0 0 0 0 2.106307e-13 0.000000e+00
43 35 6.584091e-04 1.043508e-02 0 0 0 0 1.521953e-13 0.000000e+00
43 36 6.584091e-04 1.313699e-02 0 0 0 0 1.125432e-13 0.000000e+00
43 37 6.584091e-04 1.653849e-02 0 0 0 0 8.446766e-14 0.000000e+00
43 38 6.584091e-04 2.082073e-02 0 0 0 0 6.363820e-14 0.000000e+00
43 39 6.584091e-04 2.621174e-02 0 0 0 0 4.755849e-14 0.000000e+00
44 20 8.288880e-04 3.299863e-04 0 0 0 0 -1.715995e-15 0.000000e+00
44 21 8.288880e-04 4.154281e-04 0 0 0 0 -1.344252e-16 0.000000e+00
44 22 8.288880e-04 5.229930e-04 0 0 0 0 -4.127380e-15 0.000000e+00
44 23 8.288880e-04 6.584091e-04 0 0 0 0 -1.593292e-14 0.000000e+00
44 24 8.288880e-04 8.288880e-04 0 0 0 0 1.305396e-12 0.000000e+00
44 25 8.288880e-04 1.043508e-03 0 0 0 0 5.094506e-12 0.000000e+00
44 26 8.288880e-04 1.313699e-03 0 0 0 0 5.576451e-12 0.000000e+00
44 27 8.288880e-04 1.653849e-03 0 0 0 0 4.475380e-12 0.000000e+00
44 28 8.288880e-04 2.082073e-03 0 0 0 0 3.234977e-12 0.000000e+00
44 29 8.288880e-04 2.621174e-03 0 0 0 0 2.231383e-12 0.000000e+00
44 30 8.288880e-04 3.299863e-03 0 0 0 0 1.506731e-12 0.000000e+00
44 31 8.288880e-04 4.154281e-03 0 0 0 0 1.012055e-12 0.000000e+00
44 32 8.288880e-04 5.229930e-03 0 0 0 0 6.847565e-13 0.000000e+00
44 33 8.288880e-04 6.584091e-03 0 0 0 0 4.713996e-13 0.000000e+00
44 34 8.288880e-04 8.288880e-03 0 0 0 0 3.323939e-13 0.000000e+00
44 35 8.288880e-04 1.043508e-02 0 0 0 0 2.405446e-13 0.000000e+00
44 36 8.288880e-04 1.313699e-02 0 0 0 0 1.780336e-13 0.000000e+00
44 37 8.288880e-04 1.653849e-02 0 0 0 0 1.337225e-13 0.000000e+00
44 38 8.288880e-04 2.082073e-02 0 0 0 0 1.007883e-13 0.000000e+00
44 39 8.288880e-04 2.621174e-02 0 0 0 0 7.533561e-14 0.000000e+00
45 20 1.043508e-03 3.299863e-04 0 0 0 0 2.172282e-16 0.000000e+00
45 21 1.043508e-03 4.154281e-04 0 0 0 0 7.908779e-16 0.000000e+00
45 22 1.043508e-03 5.229930e-04 0 0 0 0 1.768396e-15 0.000000e+00
45 23 1.043508e-03 6.584091e-04 0 0 0 0 2.121182e-15 0.000000e+00
45 24 1.043508e-03 8.288880e-04 0 0 0 0 -4.575085e-15 0.000000e+00
45 25 1.043508e-03 1.043508e-03 0 0 0 0 1.307038e-12 0.000000e+00
45 26 1.043508e-03 1.313699e-03 0 0 0 0 5.113318e-12 0.000000e+00
45 27 1.043508e-03 1.653849e-03 0 0 0 0 5.605162e-12 0.000000e+00
45 28 1.043508e-03 2.082073e-03 0 0 0 0 4.523207e-12 0.000000e+00
45 29 1.043508e-03 2.621174e-03 0 0 0 0 3.289943e-12 0.000000e+00
45 30 1.043508e-03 3.299863e-03 0 0 0 0 2.286700e-12 0.000000e+00
45 31 1.043508e-03 4.154281e-03 0 0 0 0 1.561807e-12 0.000000e+00
45 32 1.043508e-03 5.229930e-03 0 0 0 0 1.067262e-12 0.000000e+00
45 33 1.043508e-03 6.584091e-03 0 0 0 0 7.392091e-13 0.000000e+00
45 34 1.043508e-03 8.288880e-03 0 0 0 0 5.232179e-13 0.000000e+00
45 35 1.043508e-03 1.043508e-02 0 0 0 0 3.795418e-13 0.000000e+00
45 36 1.043508e-03 1.313699e-02 0 0 0 0 2.813583e-13 0.000000e+00
45 37 1.043508e-03 1.653849e-02 0 0 0 0 2.115462e-13 0.000000e+00
45 38 1.043508e-03 2.082073e-02 0 0 0 0 1.595580e-13 0.000000e+00
45 39 1.043508e-03 2.621174e-02 0 0 0 0 1.193012e-13 0.000000e+00
46 20 1.313699e-03 3.299863e-04 0 0 0 0 9.793466e-16 0.000000e+00
46 21 1.313699e-03 4.154281e-04 0 0 0 0 6.804580e-16 0.000000e+00
46 22 1.313699e-03 5.229930e-04 0 0 0 0 1.711905e-15 0.000000e+00
46 23 1.313699e-03 6.584091e-04 0 0 0 0 4.399982e-15 0.000000e+00
46 24 1.313699e-03 8.288880e-04 0 0 0 0 8.625153e-15 0.000000e+00
46 25 1.313699e-03 1.043508e-03 0 0 0 0 1.124108e-14 0.000000e+00
46 26 1.313699e-03 1.313699e-03 0 0 0 0 1.324658e-12 0.000000e+00
46 27 1.313699e-03 1.653849e-03 0 0 0 0 5.147580e-12 0.000000e+00
46 28 1.313699e-03 2.082073e-03 0 0 0 0 5.660335e-12 0.000000e+00
46 29 1.313699e-03 2.621174e-03 0 0 0 0 4.597605e-12 0.000000e+00
46 30 1.313699e-03 3.299863e-03 0 0 0 0 3.370519e-12 0.000000e+00
46 31 1.313699e-03 4.154281e-03 0 0 0 0 2.369595e-12 0.000000e+00
46 32 1.313699e-03 5.229930e-03 0 0 0 0 1.646435e-12 0.000000e+00
46 33 1.313699e-03 6.584091e-03 0 0 0 0 1.151746e-12 0.000000e+00
46 34 1.313699e-03 8.288880e-03 0 0 0 0 8.202257e-13 0.000000e+00
46 35 1.313699e-03 1.043508e-02 0 0 0 0 5.973043e-13 0.000000e+00
46 36 1.313699e-03 1.313699e-02 0 0 0 0 4.439046e-13 0.000000e+00
46 37 1.313699e-03 1.653849e-02 0 0 0 0 3.342918e-13 0.000000e+00
46 38 1.313699e-03 2.082073e-02 0 0 0 0 2.524180e-13 0.000000e+00
46 39 1.313699e-03 2.621174e-02 0 0 0 0 1.888423e-13 0.000000e+00
47 20 1.653849e-03 3.299863e-04 0 0 0 0 1.079059e-16 0.000000e+00
47 21 1.653849e-03 4.154281e-04 0 0 0 0 3.827261e-16 0.000000e+00
47 22 1.653849e-03 5.229930e-04 0 0 0 0 9.833167e-16 0.000000e+00
47 23 1.653849e-03 6.584091e-04 0 0 0 0 2.473432e-15 0.000000e+00
47 24 1.653849e-03 8.288880e-04 0 0 0 0 6.289241e-15 0.000000e+00
47 25 1.653849e-03 1.043508e-03 0 0 0 0 1.530238e-14 0.000000e+00
47 26 1.653849e-03 1.313699e-03 0 0 0 0 2.980360e-14 0.000000e+00
47 27 1.653849e-03 1.653849e-03 0 0 0 0 1.355740e-12 0.000000e+00
47 28 1.653849e-03 2.082073e-03 0 0 0 0 5.203726e-12 0.000000e+00
47 29 1.653849e-03 2.621174e-03 0 0 0 0 5.749167e-12 0.000000e+00
47 30 1.653849e-03 3.299863e-03 0 0 0 0 4.708181e-12 0.000000e+00
47 31 1.653849e-03 4.154281e-03 0 0 0 0 3.491258e-12 0.000000e+00
47 32 1.653849e-03 5.229930e-03 0 0 0 0 2.496709e-12 0.000000e+00
47 33 1.653849e-03 6.584091e-03 0 0 0 0 1.775816e-12 0.000000e+00
47 34 1.653849e-03 8.288880e-03 0 0 0 0 1.277415e-12 0.000000e+00
47 35 1.653849e-03 1.043508e-02 0 0 0 0 9.360784e-13 0.000000e+00
47 36 1.653849e-03 1.313699e-02 0 0 0 0 6.984574e-13 0.000000e+00
47 37 1.653849e-03 1.653849e-02 0 0 0 0 5.273530e-13 0.000000e+00
47 38 1.653849e-03 2.082073e-02 0 0 0 0 3.988677e-13 0.000000e+00
47 39 1.653849e-03 2.621174e-02 0 0 0 0 2.987195e-13 0.000000e+00
48 20 2.082073e-03 3.299863e-04 0 0 0 0 -7.839432e-17 0.000000e+00
48 21 2.082073e-03 4.154281e-04 0 0 0 0 2.137437e-16 0.000000e+00
48 22 2.082073e-03 5.229930e-04 0 0 0 0 5.136747e-16 0.000000e+00
48 23 2.082073e-03 6.584091e-04 0 0 0 0 1.244205e-15 0.000000e+00
48 24 2.082073e-03 8.288880e-04 0 0 0 0 3.283511e-15 0.000000e+00
48 25 2.082073e-03 1.043508e-03 0 0 0 0 8.373652e-15 0.000000e+00
48 26 2.082073e-03 1.313699e-03 0 0 0 0 2.165482e-14 0.000000e+00
48 27 2.082073e-03 1.653849e-03 0 0 0 0 5.070504e-14 0.000000e+00
48 28 2.082073e-03 2.082073e-03 0 0 0 0 1.401925e-12 0.000000e+00
48 29 2.082073e-03 2.621174e-03 0 0 0 0 5.291174e-12 0.000000e+00
48 30 2.082073e-03 3.299863e-03 0 0 0 0 5.884659e-12 0.000000e+00
48 31 2.082073e-03 4.154281e-03 0 0 0 0 4.874302e-12 0.000000e+00
48 32 2.082073e-03 5.229930e-03 0 0 0 0 3.675857e-12 0.000000e+00
48 33 2.082073e-03 6.584091e-03 0 0 0 0 2.690727e-12 0.000000e+00
48 34 2.082073e-03 8.288880e-03 0 0 0 0 1.968189e-12 0.000000e+00
48 35 2.082073e-03 1.043508e-02 0 0 0 0 1.457089e-12 0.000000e+00
48 36 2.082073e-03 1.313699e-02 0 0 0 0 1.094254e-12 0.000000e+00
48 37 2.082073e-03 1.653849e-02 0 0 0 0 8.296239e-13 0.000000e+00
48 38 2.082073e-03 2.082073e-02 0 0 0 0 6.291683e-13 0.000000e+00
48 39 2.082073e-03 2.621174e-02 0 0 0 0 4.720237e-13 0.000000e+00
49 20 2.621174e-03 3.299863e-04 0 0 0 0 -7.103734e-17 0.000000e+00
49 21 2.621174e-03 4.154281e-04 0 0 0 0 1.116054e-16 0.000000e+00
49 22 2.621174e-03 5.229930e-04 0 0 0 0 2.876329e-16 0.000000e+00
49 23 2.621174e-03 6.584091e-04 0 0 0 0 6.974079e-16 0.000000e+00
49 24 2.621174e-03 8.288880e-04 0 0 0 0 1.797977e-15 0.000000e+00
49 25 2.621174e-03 1.043508e-03 0 0 0 0 4.524127e-15 0.000000e+00
49 26 2.621174e-03 1.313699e-03 0 0 0 0 1.159878e-14 0.000000e+00
49 27 2.621174e-03 1.653849e-03 0 0 0 0 3.025673e-14 0.000000e+00
49 28 2.621174e-03 2.082073e-03 0 0 0 0 7.695079e-14 0.000000e+00
49 29 2.621174e-03 2.621174e-03 0 0 0 0 1.469140e-12 0.000000e+00
49 30 2.621174e-03 3.299863e-03 0 0 0 0 5.425892e-12 0.000000e+00
49 31 2.621174e-03 4.154281e-03 0 0 0 0 6.090328e-12 0.000000e+00
49 32 2.621174e-03 5.229930e-03 0 0 0 0 5.127361e-12 0.000000e+00
49 33 2.621174e-03 6.584091e-03 0 0 0 0 3.956806e-12 0.000000e+00
49 34 2.621174e-03 8.288880e-03 0 0 0 0 2.978983e-12 0.000000e+00
49 35 2.621174e-03 1.043508e-02 0 0 0 0 2.243230e-12 0.000000e+00
49 36 2.621174e-03 1.313699e-02 0 0 0 0 1.702455e-12 0.000000e+00
49 37 2.621174e-03 1.653849e-02 0 0 0 0 1.299392e-12 0.000000e+00
49 38 2.621174e-03 2.082073e-02 0 0 0 0 9.896774e-13 0.000000e+00
49 39 2.621174e-03 2.621174e-02 0 0 0 0 7.445614e-13 0.000000e+00
50 20 3.299863e-03 3.299863e-04 0 0 0 0 -5.190071e-17 0.000000e+00
50 21 3.299863e-03 4.154281e-04 0 0 0 0 7.123285e-17 0.000000e+00
50 22 3.299863e-03 5.229930e-04 0 0 0 0 1.810867e-16 0.000000e+00
50 23 3.299863e-03 6.584091e-04 0 0 0 0 4.261788e-16 0.000000e+00
50 24 3.299863e-03 8.288880e-04 0 0 0 0 1.073881e-15 0.000000e+00
50 25 3.299863e-03 1.043508e-03 0 0 0 0 2.711109e-15 0.000000e+00
50 26 3.299863e-03 1.313699e-03 0 0 0 0 6.833492e-15 0.000000e+00
50 27 3.299863e-03 1.653849e-03 0 0 0 0 1.731711e-14 0.000000e+00
50 28 3.299863e-03 2.082073e-03 0 0 0 0 4.443954e-14 0.000000e+00
50 29 3.299863e-03 2.621174e-03 0 0 0 0 1.151457e-13 0.000000e+00
50 30 3.299863e-03 3.299863e-03 0 0 0 0 1.569684e-12 0.000000e+00
50 31 3.299863e-03 4.154281e-03 0 0 0 0 5.633039e-12 0.000000e+00
50 32 3.299863e-03 5.229930e-03 0 0 0 0 6.402948e-12 0.000000e+00
50 33 3.299863e-03 6.584091e-03 0 0 0 0 5.510650e-12 0.000000e+00
50 34 3.299863e-03 8.288880e-03 0 0 0 0 4.373549e-12 0.000000e+00
50 35 3.299863e-03 1.043508e-02 0 0 0 0 3.390997e-12 0.000000e+00
50 36 3.299863e-03 1.313699e-02 0 0 0 0 2.618895e-12 0.000000e+00
50 37 3.299863e-03 1.653849e-02 0 0 0 0 2.020748e-12 0.000000e+00
50 38 3.299863e-03 2.082073e-02 0 0 0 0 1.549794e-12 0.000000e+00
50 39 3.299863e-03 2.621174e-02 0 0 0 0 1.171140e-12 0.000000e+00
51 20 4.154281e-03 3.299863e-04 0 0 0 0 -8.495839e-17 0.000000e+00
51 21 4.154281e-03 4.154281e-04 0 0 0 0 4.800563e-17 0.000000e+00
51 22 4.154281e-03 5.229930e-04 0 0 0 0 1.222766e-16 0.000000e+00
51 23 4.154281e-03 6.584091e-04 0 0 0 0 2.707608e-16 0.000000e+00
51 24 4.154281e-03 8.288880e-04 0 0 0 0 6.668709e-16 0.000000e+00
51 25 4.154281e-03 1.043508e-03 0 0 0 0 1.694933e-15 0.000000e+00
51 26 4.154281e-03 1.313699e-03 0 0 0 0 4.258605e-15 0.000000e+00
51 27 4.154281e-03 1.653849e-03 0 0 0 0 1.069177e-14 0.000000e+00
51 28 4.154281e-03 2.082073e-03 0 0 0 0 2.687431e-14 0.000000e+00
51 29 4.154281e-03 2.621174e-03 0 0 0 0 6.793364e-14 0.000000e+00
51 30 4.154281e-03 3.299863e-03 0 0 0 0 1.743563e-13 0.000000e+00
51 31 4.154281e-03 4.154281e-03 0 0 0 0 1.722152e-12 0.000000e+00
51 32 4.154281e-03 5.229930e-03 0 0 0 0 5.948287e-12 0.000000e+00
51 33 4.154281e-03 6.584091e-03 0 0 0 0 6.872974e-12 0.000000e+00
51 34 4.154281e-03 8.288880e-03 0 0 0 0 6.077178e-12 0.000000e+00
51 35 4.154281e-03 1.043508e-02 0 0 0 0 4.968781e-12 0.000000e+00
51 36 4.154281e-03 1.313699e-02 0 0 0 0 3.953863e-12 0.000000e+00
51 37 4.154281e-03 1.653849e-02 0 0 0 0 3.106358e-12 0.000000e+00
51 38 4.154281e-03 2.082073e-02 0 0 0 0 2.409416e-12 0.000000e+00
51 39 4.154281e-03 2.621174e-02 0 0 0 0 1.833819e-12 0.000000e+00
52 20 5.229930e-03 3.299863e-04 0 0 0 0 -2.178845e-16 0.000000e+00
52 21 5.229930e-03 4.154281e-04 0 0 0 0 4.472475e-17 0.000000e+00
52 22 5.229930e-03 5.229930e-04 0 0 0 0 8.840644e-17 0.000000e+00
52 23 5.229930e-03 6.584091e-04 0 0 0 0 1.573498e-16 0.000000e+00
52 24 5.229930e-03 8.288880e-04 0 0 0 0 4.206172e-16 0.000000e+00
52 25 5.229930e-03 1.043508e-03 0 0 0 0 1.037774e-15 0.000000e+00
52 26 5.229930e-03 1.313699e-03 0 0 0 0 2.613607e-15 0.000000e+00
52 27 5.229930e-03 1.653849e-03 0 0 0 0 6.558741e-15 0.000000e+00
52 28 5.229930e-03 2.082073e-03 0 0 0 0 1.647365e-14 0.000000e+00
52 29 5.229930e-03 2.621174e-03 0 0 0 0 4.136890e-14 0.000000e+00
52 30 5.229930e-03 3.299863e-03 0 0 0 0 1.040370e-13 0.000000e+00
52 31 5.229930e-03 4.154281e-03 0 0 0 0 2.643248e-13 0.000000e+00
52 32 5.229930e-03 5.229930e-03 0 0 0 0 1.950060e-12 0.000000e+00
52 33 5.229930e-03 6.584091e-03 0 0 0 0 6.417645e-12 0.000000e+00
52 34 5.229930e-03 8.288880e-03 0 0 0 0 7.562279e-12 0.000000e+00
52 35 5.229930e-03 1.043508e-02 0 0 0 0 6.884598e-12 0.000000e+00
52 36 5.229930e-03 1.313699e-02 0 0 0 0 5.781884e-12 0.000000e+00
52 37 5.229930e-03 1.653849e-02 0 0 0 0 4.684519e-12 0.000000e+00
52 38 5.229930e-03 2.082073e-02 0 0 0 0 3.701983e-12 0.000000e+00
52 39 5.229930e-03 2.621174e-02 0 0 0 0 2.850618e-12 0.000000e+00
53 20 6.584091e-03 3.299863e-04 0 0 0 0 -3.518253e-16 0.000000e+00
53 21 6.584091e-03 4.154281e-04 0 0 0 0 2.506371e-17 0.000000e+00
53 22 6.584091e-03 5.229930e-04 0 0 0 0 7.448584e-17 0.000000e+00
53 23 6.584091e-03 6.584091e-04 0 0 0 0 9.674298e-17 0.000000e+00
53 24 6.584091e-03 8.288880e-04 0 0 0 0 2.388827e-16 0.000000e+00
53 25 6.584091e-03 1.043508e-03 0 0 0 0 6.083732e-16 0.000000e+00
53 26 6.584091e-03 1.313699e-03 0 0 0 0 1.526674e-15 0.000000e+00
53 27 6.584091e-03 1.653849e-03 0 0 0 0 3.842623e-15 0.000000e+00
53 28 6.584091e-03 2.082073e-03 0 0 0 0 9.673023e-15 0.000000e+00
53 29 6.584091e-03 2.621174e-03 0 0 0 0 2.435855e-14 0.000000e+00
53 30 6.584091e-03 3.299863e-03 0 0 0 0 6.141116e-14 0.000000e+00
53 31 6.584091e-03 4.154281e-03 0 0 0 0 1.550297e-13 0.000000e+00
53 32 6.584091e-03 5.229930e-03 0 0 0 0 3.937040e-13 0.000000e+00
53 33 6.584091e-03 6.584091e-03 0 0 0 0 2.279296e-12 0.000000e+00
53 34 6.584091e-03 8.288880e-03 0 0 0 0 7.094837e-12 0.000000e+00
53 35 6.584091e-03 1.043508e-02 0 0 0 0 8.538200e-12 0.000000e+00
53 36 6.584091e-03 1.313699e-02 0 0 0 0 7.986231e-12 0.000000e+00
53 37 6.584091e-03 1.653849e-02 0 0 0 0 6.837696e-12 0.000000e+00
53 38 6.584091e-03 2.082073e-02 0 0 0 0 5.578052e-12 0.000000e+00
53 39 6.584091e-03 2.621174e-02 0 0 0 0 4.378857e-12 0.000000e+00
54 20 8.288880e-03 3.299863e-04 0 0 0 0 -5.362995e-16 0.000000e+00
54 21 8.288880e-03 4.154281e-04 0 0 0 0 5.424017e-17 0.000000e+00
54 22 8.288880e-03 5.229930e-04 0 0 0 0 8.195926e-17 0.000000e+00
54 23 8.288880e-03 6.584091e-04 0 0 0 0 4.663212e-17 0.000000e+00
54 24 8.288880e-03 8.288880e-04 0 0 0 0 1.304679e-16 0.000000e+00
54 25 8.288880e-03 1.043508e-03 0 0 0 0 3.400309e-16 0.000000e+00
54 26 8.288880e-03 1.313699e-03 0 0 0 0 8.484454e-16 0.000000e+00
54 27 8.288880e-03 1.653849e-03 0 0 0 0 2.142643e-15 0.000000e+00
54 28 8.288880e-03 2.082073e-03 0 0 0 0 5.387354e-15 0.000000e+00
54 29 8.288880e-03 2.621174e-03 0 0 0 0 1.358700e-14 0.000000e+00
54 30 8.288880e-03 3.299863e-03 0 0 0 0 3.433690e-14 0.000000e+00
54 31 8.288880e-03 4.154281e-03 0 0 0 0 8.704787e-14 0.000000e+00
54 32 8.288880e-03 5.229930e-03 0 0 0 0 2.216080e-13 0.000000e+00
54 33 8.288880e-03 6.584091e-03 0 0 0 0 5.679089e-13 0.000000e+00
54 34 8.288880e-03 8.288880e-03 0 0 0 0 2.733937e-12 0.000000e+00
54 35 8.288880e-03 1.043508e-02 0 0 0 0 8.035229e-12 0.000000e+00
54 36 8.288880e-03 1.313699e-02 0 0 0 0 9.862461e-12 0.000000e+00
54 37 8.288880e-03 1.653849e-02 0 0 0 0 9.415888e-12 0.000000e+00
54 38 8.288880e-03 2.082073e-02 0 0 0 0 8.130124e-12 0.000000e+00
54 39 8.288880e-03 2.621174e-02 0 0 0 0 6.595018e-12 0.000000e+00
55 20 1.043508e-02 3.299863e-04 0 0 0 0 -8.471164e-16 0.000000e+00
55 21 1.043508e-02 4.154281e-04 0 0 0 0 8.099247e-17 0.000000e+00
55 22 1.043508e-02 5.229930e-04 0 0 0 0 1.072461e-16 0.000000e+00
55 23 1.043508e-02 6.584091e-04 0 0 0 0 3.027002e-17 0.000000e+00
55 24 1.043508e-02 8.288880e-04 0 0 0 0 6.762130e-17 0.000000e+00
55 25 1.043508e-02 1.043508e-03 0 0 0 0 1.743443e-16 0.000000e+00
55 26 1.043508e-02 1.313699e-03 0 0 0 0 4.469408e-16 0.000000e+00
55 27 1.043508e-02 1.653849e-03 0 0 0 0 1.128549e-15 0.000000e+00
55 28 1.043508e-02 2.082073e-03 0 0 0 0 2.837580e-15 0.000000e+00
55 29 1.043508e-02 2.621174e-03 0 0 0 0 7.161290e-15 0.000000e+00
55 30 1.043508e-02 3.299863e-03 0 0 0 0 1.810239e-14 0.000000e+00
55 31 1.043508e-02 4.154281e-03 0 0 0 0 4.594435e-14 0.000000e+00
55 32 1.043508e-02 5.229930e-03 0 0 0 0 1.172760e-13 0.000000e+00
55 33 1.043508e-02 6.584091e-03 0 0 0 0 3.018980e-13 0.000000e+00
55 34 1.043508e-02 8.288880e-03 0 0 0 0 7.863133e-13 0.000000e+00
55 35 1.043508e-02 1.043508e-02 0 0 0 0 3.329757e-12 0.000000e+00
55 36 1.043508e-02 1.313699e-02 0 0 0 0 9.284431e-12 0.000000e+00
55 37 1.043508e-02 1.653849e-02 0 0 0 0 1.157293e-11 0.000000e+00
55 38 1.043508e-02 2.082073e-02 0 0 0 0 1.116657e-11 0.000000e+00
55 39 1.043508e-02 2.621174e-02 0 0 0 0 9.603690e-12 0.000000e+00
56 20 1.313699e-02 3.299863e-04 0 0 0 0 -1.321410e-15 0.000000e+00
56 21 1.313699e-02 4.154281e-04 0 0 0 0 1.230602e-16 0.000000e+00
56 22 1.313699e-02 5.229930e-04 0 0 0 0 1.323389e-16 0.000000e+00
56 23 1.313699e-02 6.584091e-04 0 0 0 0 -6.190208e-18 0.000000e+00
56 24 1.313699e-02 8.288880e-04 0 0 0 0 1.255771e-17 0.000000e+00
56 25 1.313699e-02 1.043508e-03 0 0 0 0 8.668630e-17 0.000000e+00
56 26 1.313699e-02 1.313699e-03 0 0 0 0 2.262204e-16 0.000000e+00
56 27 1.313699e-02 1.653849e-03 0 0 0 0 5.591047e-16 0.000000e+00
56 28 1.313699e-02 2.082073e-03 0 0 0 0 1.410941e-15 0.000000e+00
56 29 1.313699e-02 2.621174e-03 0 0 0 0 3.553420e-15 0.000000e+00
56 30 1.313699e-02 3.299863e-03 0 0 0 0 8.981674e-15 0.000000e+00
56 31 1.313699e-02 4.154281e-03 0 0 0 0 2.277494e-14 0.000000e+00
56 32 1.313699e-02 5.229930e-03 0 0 0 0 5.806951e-14 0.000000e+00
56 33 1.313699e-02 6.584091e-03 0 0 0 0 1.493982e-13 0.000000e+00
56 34 1.313699e-02 8.288880e-03 0 0 0 0 3.897764e-13 0.000000e+00
56 35 1.313699e-02 1.043508e-02 0 0 0 0 1.037975e-12 0.000000e+00
56 36 1.313699e-02 1.313699e-02 0 0 0 0 4.064334e-12 0.000000e+00
56 37 1.313699e-02 1.653849e-02 0 0 0 0 1.086087e-11 0.000000e+00
56 38 1.313699e-02 2.082073e-02 0 0 0 0 1.365951e-11 0.000000e+00
56 39 1.313699e-02 2.621174e-02 0 0 0 0 1.316461e-11 0.000000e+00
57 20 1.653849e-02 3.299863e-04 0 0 0 0 -2.034535e-15 0.000000e+00
57 21 1.653849e-02 4.154281e-04 0 0 0 0 2.066385e-16 0.000000e+00
57 22 1.653849e-02 5.229930e-04 0 0 0 0 2.031238e-16 0.000000e+00
57 23 1.653849e-02 6.584091e-04 0 0 0 0 -3.390129e-18 0.000000e+00
57 24 1.653849e-02 8.288880e-04 0 0 0 0 -2.240316e-19 0.000000e+00
57 25 1.653849e-02 1.043508e-03 0 0 0 0 4.293977e-17 0.000000e+00
57 26 1.653849e-02 1.313699e-03 0 0 0 0 1.018630e-16 0.000000e+00
57 27 1.653849e-02 1.653849e-03 0 0 0 0 2.577740e-16 0.000000e+00
57 28 1.653849e-02 2.082073e-03 0 0 0 0 6.521959e-16 0.000000e+00
57 29 1.653849e-02 2.621174e-03 0 0 0 0 1.635707e-15 0.000000e+00
57 30 1.653849e-02 3.299863e-03 0 0 0 0 4.139110e-15 0.000000e+00
57 31 1.653849e-02 4.154281e-03 0 0 0 0 1.047919e-14 0.000000e+00
57 32 1.653849e-02 5.229930e-03 0 0 0 0 2.668438e-14 0.000000e+00
57 33 1.653849e-02 6.584091e-03 0 0 0 0 6.849024e-14 0.000000e+00
57 34 1.653849e-02 8.288880e-03 0 0 0 0 1.780688e-13 0.000000e+00
57 35 1.653849e-02 1.043508e-02 0 0 0 0 4.727218e-13 0.000000e+00
57 36 1.653849e-02 1.313699e-02 0 0 0 0 1.296644e-12 0.000000e+00
57 37 1.653849e-02 1.653849e-02 0 0 0 0 4.905534e-12 0.000000e+00
57 38 1.653849e-02 2.082073e-02 0 0 0 0 1.273427e-11 0.000000e+00
57 39 1.653849e-02 2.621174e-02 0 0 0 0 1.602995e-11 0.000000e+00
58 20 2.082073e-02 3.299863e-04 0 0 0 0 -3.105925e-15 0.000000e+00
58 21 2.082073e-02 4.154281e-04 0 0 0 0 3.332445e-16 0.000000e+00
58 22 2.082073e-02 5.229930e-04 0 0 0 0 2.955494e-16 0.000000e+00
58 23 2.082073e-02 6.584091e-04 0 0 0 0 -1.014117e-17 0.000000e+00
58 24 2.082073e-02 8.288880e-04 0 0 0 0 -2.272054e-17 0.000000e+00
58 25 2.082073e-02 1.043508e-03 0 0 0 0 2.462259e-17 0.000000e+00
58 26 2.082073e-02 1.313699e-03 0 0 0 0 5.162496e-17 0.000000e+00
58 27 2.082073e-02 1.653849e-03 0 0 0 0 1.101512e-16 0.000000e+00
58 28 2.082073e-02 2.082073e-03 0 0 0 0 2.701171e-16 0.000000e+00
58 29 2.082073e-02 2.621174e-03 0 0 0 0 6.835621e-16 0.000000e+00
58 30 2.082073e-02 3.299863e-03 0 0 0 0 1.731179e-15 0.000000e+00
58 31 2.082073e-02 4.154281e-03 0 0 0 0 4.377713e-15 0.000000e+00
58 32 2.082073e-02 5.229930e-03 0 0 0 0 1.113927e-14 0.000000e+00
58 33 2.082073e-02 6.584091e-03 0 0 0 0 2.853544e-14 0.000000e+00
58 34 2.082073e-02 8.288880e-03 0 0 0 0 7.396068e-14 0.000000e+00
58 35 2.082073e-02 1.043508e-02 0 0 0 0 1.952718e-13 0.000000e+00
58 36 2.082073e-02 1.313699e-02 0 0 0 0 5.312147e-13 0.000000e+00
58 37 2.082073e-02 1.653849e-02 0 0 0 0 1.517204e-12 0.000000e+00
58 38 2.082073e-02 2.082073e-02 0 0 0 0 5.776581e-12 0.000000e+00
58 39 2.082073e-02 2.621174e-02 0 0 0 0 1.478663e-11 0.000000e+00
59 20 2.621174e-02 3.299863e-04 0 0 0 0 -4.680322e-15 0.000000e+00
59 21 2.621174e-02 4.154281e-04 0 0 0 0 5.260830e-16 0.000000e+00
59 22 2.621174e-02 5.229930e-04 0 0 0 0 4.179727e-16 0.000000e+00
59 23 2.621174e-02 6.584091e-04 0 0 0 0 -1.705345e-17 0.000000e+00
59 24 2.621174e-02 8.288880e-04 0 0 0 0 -5.100056e-17 0.000000e+00
59 25 2.621174e-02 1.043508e-03 0 0 0 0 4.421603e-18 0.000000e+00
59 26 2.621174e-02 1.313699e-03 0 0 0 0 8.391590e-18 0.000000e+00
59 27 2.621174e-02 1.653849e-03 0 0 0 0 2.913609e-17 0.000000e+00
59 28 2.621174e-02 2.082073e-03 0 0 0 0 1.002975e-16 0.000000e+00
59 29 2.621174e-02 2.621174e-03 0 0 0 0 2.538566e-16 0.000000e+00
59 30 2.621174e-02 3.299863e-03 0 0 0 0 6.351590e-16 0.000000e+00
59 31 2.621174e-02 4.154281e-03 0 0 0 0 1.605885e-15 0.000000e+00
59 32 2.621174e-02 5.229930e-03 0 0 0 0 4.073919e-15 0.000000e+00
59 33 2.621174e-02 6.584091e-03 0 0 0 0 1.040669e-14 0.000000e+00
59 34 2.621174e-02 8.288880e-03 0 0 0 0 2.685149e-14 0.000000e+00
59 35 2.621174e-02 1.043508e-02 0 0 0 0 7.043341e-14 0.000000e+00
59 36 2.621174e-02 1.313699e-02 0 0 0 0 1.898362e-13 0.000000e+00
59 37 2.621174e-02 1.653849e-02 0 0 0 0 5.349487e-13 0.000000e+00
59 38 2.621174e-02 2.082073e-02 0 0 0 0 1.622371e-12 0.000000e+00
59 39 2.621174e-02 2.621174e-02 0 0 0 0 6.523935e-12 0.000000e+00
