# Please cite the following papers in research using this covariance:
# arXiv: 1601.05779, https://arxiv.org/abs/1601.05779
# arXiv: 1911.11947, https://arxiv.org/abs/1911.11947
# arXiv: 2004.04833, https://arxiv.org/abs/2004.04833
########################################################
60 40 3.299863e-04 3.299863e-04 0 0 0 0 3.134221e-10 0.000000e+00
60 41 3.299863e-04 4.154281e-04 0 0 0 0 6.622736e-10 0.000000e+00
60 42 3.299863e-04 5.229930e-04 0 0 0 0 1.044107e-09 0.000000e+00
60 43 3.299863e-04 6.584091e-04 0 0 0 0 1.404135e-09 0.000000e+00
60 44 3.299863e-04 8.288880e-04 0 0 0 0 1.746207e-09 0.000000e+00
60 45 3.299863e-04 1.043508e-03 0 0 0 0 2.080596e-09 0.000000e+00
60 46 3.299863e-04 1.313699e-03 0 0 0 0 2.423727e-09 0.000000e+00
60 47 3.299863e-04 1.653849e-03 0 0 0 0 2.798220e-09 0.000000e+00
60 48 3.299863e-04 2.082073e-03 0 0 0 0 3.231988e-09 0.000000e+00
60 49 3.299863e-04 2.621174e-03 0 0 0 0 3.755872e-09 0.000000e+00
60 50 3.299863e-04 3.299863e-03 0 0 0 0 4.400356e-09 0.000000e+00
60 51 3.299863e-04 4.154281e-03 0 0 0 0 5.190795e-09 0.000000e+00
60 52 3.299863e-04 5.229930e-03 0 0 0 0 6.140923e-09 0.000000e+00
60 53 3.299863e-04 6.584091e-03 0 0 0 0 7.244571e-09 0.000000e+00
60 54 3.299863e-04 8.288880e-03 0 0 0 0 8.466206e-09 0.000000e+00
60 55 3.299863e-04 1.043508e-02 0 0 0 0 9.732434e-09 0.000000e+00
60 56 3.299863e-04 1.313699e-02 0 0 0 0 1.092832e-08 0.000000e+00
60 57 3.299863e-04 1.653849e-02 0 0 0 0 1.190362e-08 0.000000e+00
60 58 3.299863e-04 2.082073e-02 0 0 0 0 1.249420e-08 0.000000e+00
60 59 3.299863e-04 2.621174e-02 0 0 0 0 1.256137e-08 0.000000e+00
61 40 4.154281e-04 3.299863e-04 0 0 0 0 1.746680e-10 0.000000e+00
61 41 4.154281e-04 4.154281e-04 0 0 0 0 3.496450e-10 0.000000e+00
61 42 4.154281e-04 5.229930e-04 0 0 0 0 7.402358e-10 0.000000e+00
61 43 4.154281e-04 6.584091e-04 0 0 0 0 1.169276e-09 0.000000e+00
61 44 4.154281e-04 8.288880e-04 0 0 0 0 1.573604e-09 0.000000e+00
61 45 4.154281e-04 1.043508e-03 0 0 0 0 1.957684e-09 0.000000e+00
61 46 4.154281e-04 1.313699e-03 0 0 0 0 2.337789e-09 0.000000e+00
61 47 4.154281e-04 1.653849e-03 0 0 0 0 2.738461e-09 0.000000e+00
61 48 4.154281e-04 2.082073e-03 0 0 0 0 3.190085e-09 0.000000e+00
61 49 4.154281e-04 2.621174e-03 0 0 0 0 3.725921e-09 0.000000e+00
61 50 4.154281e-04 3.299863e-03 0 0 0 0 4.378391e-09 0.000000e+00
61 51 4.154281e-04 4.154281e-03 0 0 0 0 5.174256e-09 0.000000e+00
61 52 4.154281e-04 5.229930e-03 0 0 0 0 6.128205e-09 0.000000e+00
61 53 4.154281e-04 6.584091e-03 0 0 0 0 7.234669e-09 0.000000e+00
61 54 4.154281e-04 8.288880e-03 0 0 0 0 8.458492e-09 0.000000e+00
61 55 4.154281e-04 1.043508e-02 0 0 0 0 9.726493e-09 0.000000e+00
61 56 4.154281e-04 1.313699e-02 0 0 0 0 1.092385e-08 0.000000e+00
61 57 4.154281e-04 1.653849e-02 0 0 0 0 1.190038e-08 0.000000e+00
61 58 4.154281e-04 2.082073e-02 0 0 0 0 1.249196e-08 0.000000e+00
61 59 4.154281e-04 2.621174e-02 0 0 0 0 1.255992e-08 0.000000e+00
62 40 5.229930e-04 3.299863e-04 0 0 0 0 1.122585e-10 0.000000e+00
62 41 5.229930e-04 4.154281e-04 0 0 0 0 1.924766e-10 0.000000e+00
62 42 5.229930e-04 5.229930e-04 0 0 0 0 3.893615e-10 0.000000e+00
62 43 5.229930e-04 6.584091e-04 0 0 0 0 8.274598e-10 0.000000e+00
62 44 5.229930e-04 8.288880e-04 0 0 0 0 1.310870e-09 0.000000e+00
62 45 5.229930e-04 1.043508e-03 0 0 0 0 1.766719e-09 0.000000e+00
62 46 5.229930e-04 1.313699e-03 0 0 0 0 2.202984e-09 0.000000e+00
62 47 5.229930e-04 1.653849e-03 0 0 0 0 2.644263e-09 0.000000e+00
62 48 5.229930e-04 2.082073e-03 0 0 0 0 3.123890e-09 0.000000e+00
62 49 5.229930e-04 2.621174e-03 0 0 0 0 3.678561e-09 0.000000e+00
62 50 5.229930e-04 3.299863e-03 0 0 0 0 4.343641e-09 0.000000e+00
62 51 5.229930e-04 4.154281e-03 0 0 0 0 5.148082e-09 0.000000e+00
62 52 5.229930e-04 5.229930e-03 0 0 0 0 6.108065e-09 0.000000e+00
62 53 5.229930e-04 6.584091e-03 0 0 0 0 7.218985e-09 0.000000e+00
62 54 5.229930e-04 8.288880e-03 0 0 0 0 8.446271e-09 0.000000e+00
62 55 5.229930e-04 1.043508e-02 0 0 0 0 9.717082e-09 0.000000e+00
62 56 5.229930e-04 1.313699e-02 0 0 0 0 1.091677e-08 0.000000e+00
62 57 5.229930e-04 1.653849e-02 0 0 0 0 1.189525e-08 0.000000e+00
62 58 5.229930e-04 2.082073e-02 0 0 0 0 1.248842e-08 0.000000e+00
62 59 5.229930e-04 2.621174e-02 0 0 0 0 1.255762e-08 0.000000e+00
63 40 6.584091e-04 3.299863e-04 0 0 0 0 7.397999e-11 0.000000e+00
63 41 6.584091e-04 4.154281e-04 0 0 0 0 1.230757e-10 0.000000e+00
63 42 6.584091e-04 5.229930e-04 0 0 0 0 2.127601e-10 0.000000e+00
63 43 6.584091e-04 6.584091e-04 0 0 0 0 4.348852e-10 0.000000e+00
63 44 6.584091e-04 8.288880e-04 0 0 0 0 9.283241e-10 0.000000e+00
63 45 6.584091e-04 1.043508e-03 0 0 0 0 1.475225e-09 0.000000e+00
63 46 6.584091e-04 1.313699e-03 0 0 0 0 1.993084e-09 0.000000e+00
63 47 6.584091e-04 1.653849e-03 0 0 0 0 2.496330e-09 0.000000e+00
63 48 6.584091e-04 2.082073e-03 0 0 0 0 3.019554e-09 0.000000e+00
63 49 6.584091e-04 2.621174e-03 0 0 0 0 3.603786e-09 0.000000e+00
63 50 6.584091e-04 3.299863e-03 0 0 0 0 4.288724e-09 0.000000e+00
63 51 6.584091e-04 4.154281e-03 0 0 0 0 5.106688e-09 0.000000e+00
63 52 6.584091e-04 5.229930e-03 0 0 0 0 6.076198e-09 0.000000e+00
63 53 6.584091e-04 6.584091e-03 0 0 0 0 7.194157e-09 0.000000e+00
63 54 6.584091e-04 8.288880e-03 0 0 0 0 8.426917e-09 0.000000e+00
63 55 6.584091e-04 1.043508e-02 0 0 0 0 9.702173e-09 0.000000e+00
63 56 6.584091e-04 1.313699e-02 0 0 0 0 1.090556e-08 0.000000e+00
63 57 6.584091e-04 1.653849e-02 0 0 0 0 1.188712e-08 0.000000e+00
63 58 6.584091e-04 2.082073e-02 0 0 0 0 1.248280e-08 0.000000e+00
63 59 6.584091e-04 2.621174e-02 0 0 0 0 1.255399e-08 0.000000e+00
64 40 8.288880e-04 3.299863e-04 0 0 0 0 5.091730e-11 0.000000e+00
64 41 8.288880e-04 4.154281e-04 0 0 0 0 8.300892e-11 0.000000e+00
64 42 8.288880e-04 5.229930e-04 0 0 0 0 1.379334e-10 0.000000e+00
64 43 8.288880e-04 6.584091e-04 0 0 0 0 2.389241e-10 0.000000e+00
64 44 8.288880e-04 8.288880e-04 0 0 0 0 4.907331e-10 0.000000e+00
64 45 8.288880e-04 1.043508e-03 0 0 0 0 1.049488e-09 0.000000e+00
64 46 8.288880e-04 1.313699e-03 0 0 0 0 1.671463e-09 0.000000e+00
64 47 8.288880e-04 1.653849e-03 0 0 0 0 2.265610e-09 0.000000e+00
64 48 8.288880e-04 2.082073e-03 0 0 0 0 2.855696e-09 0.000000e+00
64 49 8.288880e-04 2.621174e-03 0 0 0 0 3.486007e-09 0.000000e+00
64 50 8.288880e-04 3.299863e-03 0 0 0 0 4.202085e-09 0.000000e+00
64 51 8.288880e-04 4.154281e-03 0 0 0 0 5.041309e-09 0.000000e+00
64 52 8.288880e-04 5.229930e-03 0 0 0 0 6.025818e-09 0.000000e+00
64 53 8.288880e-04 6.584091e-03 0 0 0 0 7.154875e-09 0.000000e+00
64 54 8.288880e-04 8.288880e-03 0 0 0 0 8.396280e-09 0.000000e+00
64 55 8.288880e-04 1.043508e-02 0 0 0 0 9.678562e-09 0.000000e+00
64 56 8.288880e-04 1.313699e-02 0 0 0 0 1.088780e-08 0.000000e+00
64 57 8.288880e-04 1.653849e-02 0 0 0 0 1.187423e-08 0.000000e+00
64 58 8.288880e-04 2.082073e-02 0 0 0 0 1.247390e-08 0.000000e+00
64 59 8.288880e-04 2.621174e-02 0 0 0 0 1.254823e-08 0.000000e+00
65 40 1.043508e-03 3.299863e-04 0 0 0 0 3.717748e-11 0.000000e+00
65 41 1.043508e-03 4.154281e-04 0 0 0 0 5.971607e-11 0.000000e+00
65 42 1.043508e-03 5.229930e-04 0 0 0 0 9.683489e-11 0.000000e+00
65 43 1.043508e-03 6.584091e-04 0 0 0 0 1.599955e-10 0.000000e+00
65 44 1.043508e-03 8.288880e-04 0 0 0 0 2.756159e-10 0.000000e+00
65 45 1.043508e-03 1.043508e-03 0 0 0 0 5.631752e-10 0.000000e+00
65 46 1.043508e-03 1.313699e-03 0 0 0 0 1.199347e-09 0.000000e+00
65 47 1.043508e-03 1.653849e-03 0 0 0 0 1.910985e-09 0.000000e+00
65 48 1.043508e-03 2.082073e-03 0 0 0 0 2.600037e-09 0.000000e+00
65 49 1.043508e-03 2.621174e-03 0 0 0 0 3.301211e-09 0.000000e+00
65 50 1.043508e-03 3.299863e-03 0 0 0 0 4.065777e-09 0.000000e+00
65 51 1.043508e-03 4.154281e-03 0 0 0 0 4.938258e-09 0.000000e+00
65 52 1.043508e-03 5.229930e-03 0 0 0 0 5.946291e-09 0.000000e+00
65 53 1.043508e-03 6.584091e-03 0 0 0 0 7.092792e-09 0.000000e+00
65 54 1.043508e-03 8.288880e-03 0 0 0 0 8.347814e-09 0.000000e+00
65 55 1.043508e-03 1.043508e-02 0 0 0 0 9.641185e-09 0.000000e+00
65 56 1.043508e-03 1.313699e-02 0 0 0 0 1.085967e-08 0.000000e+00
65 57 1.043508e-03 1.653849e-02 0 0 0 0 1.185382e-08 0.000000e+00
65 58 1.043508e-03 2.082073e-02 0 0 0 0 1.245979e-08 0.000000e+00
65 59 1.043508e-03 2.621174e-02 0 0 0 0 1.253909e-08 0.000000e+00
66 40 1.313699e-03 3.299863e-04 0 0 0 0 2.865864e-11 0.000000e+00
66 41 1.313699e-03 4.154281e-04 0 0 0 0 4.564270e-11 0.000000e+00
66 42 1.313699e-03 5.229930e-04 0 0 0 0 7.303865e-11 0.000000e+00
66 43 1.313699e-03 6.584091e-04 0 0 0 0 1.177476e-10 0.000000e+00
66 44 1.313699e-03 8.288880e-04 0 0 0 0 1.927470e-10 0.000000e+00
66 45 1.313699e-03 1.043508e-03 0 0 0 0 3.278877e-10 0.000000e+00
66 46 1.313699e-03 1.313699e-03 0 0 0 0 6.592631e-10 0.000000e+00
66 47 1.313699e-03 1.653849e-03 0 0 0 0 1.387416e-09 0.000000e+00
66 48 1.313699e-03 2.082073e-03 0 0 0 0 2.206496e-09 0.000000e+00
66 49 1.313699e-03 2.621174e-03 0 0 0 0 3.013242e-09 0.000000e+00
66 50 1.313699e-03 3.299863e-03 0 0 0 0 3.852301e-09 0.000000e+00
66 51 1.313699e-03 4.154281e-03 0 0 0 0 4.776367e-09 0.000000e+00
66 52 1.313699e-03 5.229930e-03 0 0 0 0 5.821052e-09 0.000000e+00
66 53 1.313699e-03 6.584091e-03 0 0 0 0 6.994836e-09 0.000000e+00
66 54 1.313699e-03 8.288880e-03 0 0 0 0 8.271230e-09 0.000000e+00
66 55 1.313699e-03 1.043508e-02 0 0 0 0 9.582061e-09 0.000000e+00
66 56 1.313699e-03 1.313699e-02 0 0 0 0 1.081514e-08 0.000000e+00
66 57 1.313699e-03 1.653849e-02 0 0 0 0 1.182149e-08 0.000000e+00
66 58 1.313699e-03 2.082073e-02 0 0 0 0 1.243744e-08 0.000000e+00
66 59 1.313699e-03 2.621174e-02 0 0 0 0 1.252462e-08 0.000000e+00
67 40 1.653849e-03 3.299863e-04 0 0 0 0 2.281650e-11 0.000000e+00
67 41 1.653849e-03 4.154281e-04 0 0 0 0 3.624279e-11 0.000000e+00
67 42 1.653849e-03 5.229930e-04 0 0 0 0 5.765286e-11 0.000000e+00
67 43 1.653849e-03 6.584091e-04 0 0 0 0 9.195412e-11 0.000000e+00
67 44 1.653849e-03 8.288880e-04 0 0 0 0 1.474257e-10 0.000000e+00
67 45 1.653849e-03 1.043508e-03 0 0 0 0 2.390916e-10 0.000000e+00
67 46 1.653849e-03 1.313699e-03 0 0 0 0 4.004324e-10 0.000000e+00
67 47 1.653849e-03 1.653849e-03 0 0 0 0 7.857053e-10 0.000000e+00
67 48 1.653849e-03 2.082073e-03 0 0 0 0 1.622873e-09 0.000000e+00
67 49 1.653849e-03 2.621174e-03 0 0 0 0 2.570405e-09 0.000000e+00
67 50 1.653849e-03 3.299863e-03 0 0 0 0 3.520544e-09 0.000000e+00
67 51 1.653849e-03 4.154281e-03 0 0 0 0 4.523414e-09 0.000000e+00
67 52 1.653849e-03 5.229930e-03 0 0 0 0 5.624591e-09 0.000000e+00
67 53 1.653849e-03 6.584091e-03 0 0 0 0 6.840693e-09 0.000000e+00
67 54 1.653849e-03 8.288880e-03 0 0 0 0 8.150432e-09 0.000000e+00
67 55 1.653849e-03 1.043508e-02 0 0 0 0 9.488643e-09 0.000000e+00
67 56 1.653849e-03 1.313699e-02 0 0 0 0 1.074469e-08 0.000000e+00
67 57 1.653849e-03 1.653849e-02 0 0 0 0 1.177030e-08 0.000000e+00
67 58 1.653849e-03 2.082073e-02 0 0 0 0 1.240204e-08 0.000000e+00
67 59 1.653849e-03 2.621174e-02 0 0 0 0 1.250169e-08 0.000000e+00
68 40 2.082073e-03 3.299863e-04 0 0 0 0 1.834828e-11 0.000000e+00
68 41 2.082073e-03 4.154281e-04 0 0 0 0 2.911244e-11 0.000000e+00
68 42 2.082073e-03 5.229930e-04 0 0 0 0 4.620729e-11 0.000000e+00
68 43 2.082073e-03 6.584091e-04 0 0 0 0 7.341319e-11 0.000000e+00
68 44 2.082073e-03 8.288880e-04 0 0 0 0 1.168489e-10 0.000000e+00
68 45 2.082073e-03 1.043508e-03 0 0 0 0 1.866326e-10 0.000000e+00
68 46 2.082073e-03 1.313699e-03 0 0 0 0 3.005160e-10 0.000000e+00
68 47 2.082073e-03 1.653849e-03 0 0 0 0 4.962323e-10 0.000000e+00
68 48 2.082073e-03 2.082073e-03 0 0 0 0 9.474061e-10 0.000000e+00
68 49 2.082073e-03 2.621174e-03 0 0 0 0 1.912700e-09 0.000000e+00
68 50 2.082073e-03 3.299863e-03 0 0 0 0 3.012211e-09 0.000000e+00
68 51 2.082073e-03 4.154281e-03 0 0 0 0 4.131755e-09 0.000000e+00
68 52 2.082073e-03 5.229930e-03 0 0 0 0 5.318354e-09 0.000000e+00
68 53 2.082073e-03 6.584091e-03 0 0 0 0 6.599186e-09 0.000000e+00
68 54 2.082073e-03 8.288880e-03 0 0 0 0 7.960442e-09 0.000000e+00
68 55 2.082073e-03 1.043508e-02 0 0 0 0 9.341309e-09 0.000000e+00
68 56 2.082073e-03 1.313699e-02 0 0 0 0 1.063337e-08 0.000000e+00
68 57 2.082073e-03 1.653849e-02 0 0 0 0 1.168931e-08 0.000000e+00
68 58 2.082073e-03 2.082073e-02 0 0 0 0 1.234597e-08 0.000000e+00
68 59 2.082073e-03 2.621174e-02 0 0 0 0 1.246535e-08 0.000000e+00
69 40 2.621174e-03 3.299863e-04 0 0 0 0 1.459745e-11 0.000000e+00
69 41 2.621174e-03 4.154281e-04 0 0 0 0 2.314940e-11 0.000000e+00
69 42 2.621174e-03 5.229930e-04 0 0 0 0 3.671715e-11 0.000000e+00
69 43 2.621174e-03 6.584091e-04 0 0 0 0 5.826435e-11 0.000000e+00
69 44 2.621174e-03 8.288880e-04 0 0 0 0 9.253075e-11 0.000000e+00
69 45 2.621174e-03 1.043508e-03 0 0 0 0 1.471506e-10 0.000000e+00
69 46 2.621174e-03 1.313699e-03 0 0 0 0 2.346253e-10 0.000000e+00
69 47 2.621174e-03 1.653849e-03 0 0 0 0 3.762971e-10 0.000000e+00
69 48 2.621174e-03 2.082073e-03 0 0 0 0 6.151643e-10 0.000000e+00
69 49 2.621174e-03 2.621174e-03 0 0 0 0 1.145423e-09 0.000000e+00
69 50 2.621174e-03 3.299863e-03 0 0 0 0 2.259178e-09 0.000000e+00
69 51 2.621174e-03 4.154281e-03 0 0 0 0 3.534998e-09 0.000000e+00
69 52 2.621174e-03 5.229930e-03 0 0 0 0 4.846055e-09 0.000000e+00
69 53 2.621174e-03 6.584091e-03 0 0 0 0 6.223506e-09 0.000000e+00
69 54 2.621174e-03 8.288880e-03 0 0 0 0 7.663027e-09 0.000000e+00
69 55 2.621174e-03 1.043508e-02 0 0 0 0 9.109630e-09 0.000000e+00
69 56 2.621174e-03 1.313699e-02 0 0 0 0 1.045779e-08 0.000000e+00
69 57 2.621174e-03 1.653849e-02 0 0 0 0 1.156130e-08 0.000000e+00
69 58 2.621174e-03 2.082073e-02 0 0 0 0 1.225725e-08 0.000000e+00
69 59 2.621174e-03 2.621174e-02 0 0 0 0 1.240780e-08 0.000000e+00
70 40 3.299863e-03 3.299863e-04 0 0 0 0 1.131784e-11 0.000000e+00
70 41 3.299863e-03 4.154281e-04 0 0 0 0 1.794339e-11 0.000000e+00
70 42 3.299863e-03 5.229930e-04 0 0 0 0 2.845388e-11 0.000000e+00
70 43 3.299863e-03 6.584091e-04 0 0 0 0 4.513528e-11 0.000000e+00
70 44 3.299863e-03 8.288880e-04 0 0 0 0 7.163377e-11 0.000000e+00
70 45 3.299863e-03 1.043508e-03 0 0 0 0 1.137853e-10 0.000000e+00
70 46 3.299863e-03 1.313699e-03 0 0 0 0 1.809943e-10 0.000000e+00
70 47 3.299863e-03 1.653849e-03 0 0 0 0 2.886126e-10 0.000000e+00
70 48 3.299863e-03 2.082073e-03 0 0 0 0 4.625040e-10 0.000000e+00
70 49 3.299863e-03 2.621174e-03 0 0 0 0 7.524002e-10 0.000000e+00
70 50 3.299863e-03 3.299863e-03 0 0 0 0 1.374624e-09 0.000000e+00
70 51 3.299863e-03 4.154281e-03 0 0 0 0 2.656805e-09 0.000000e+00
70 52 3.299863e-03 5.229930e-03 0 0 0 0 4.131102e-09 0.000000e+00
70 53 3.299863e-03 6.584091e-03 0 0 0 0 5.646155e-09 0.000000e+00
70 54 3.299863e-03 8.288880e-03 0 0 0 0 7.201066e-09 0.000000e+00
70 55 3.299863e-03 1.043508e-02 0 0 0 0 8.747091e-09 0.000000e+00
70 56 3.299863e-03 1.313699e-02 0 0 0 0 1.018165e-08 0.000000e+00
70 57 3.299863e-03 1.653849e-02 0 0 0 0 1.135930e-08 0.000000e+00
70 58 3.299863e-03 2.082073e-02 0 0 0 0 1.211695e-08 0.000000e+00
70 59 3.299863e-03 2.621174e-02 0 0 0 0 1.231668e-08 0.000000e+00
71 40 4.154281e-03 3.299863e-04 0 0 0 0 8.448139e-12 0.000000e+00
71 41 4.154281e-03 4.154281e-04 0 0 0 0 1.339154e-11 0.000000e+00
71 42 4.154281e-03 5.229930e-04 0 0 0 0 2.123453e-11 0.000000e+00
71 43 4.154281e-03 6.584091e-04 0 0 0 0 3.367963e-11 0.000000e+00
71 44 4.154281e-03 8.288880e-04 0 0 0 0 5.344149e-11 0.000000e+00
71 45 4.154281e-03 1.043508e-03 0 0 0 0 8.485882e-11 0.000000e+00
71 46 4.154281e-03 1.313699e-03 0 0 0 0 1.348962e-10 0.000000e+00
71 47 4.154281e-03 1.653849e-03 0 0 0 0 2.148259e-10 0.000000e+00
71 48 4.154281e-03 2.082073e-03 0 0 0 0 3.431396e-10 0.000000e+00
71 49 4.154281e-03 2.621174e-03 0 0 0 0 5.510184e-10 0.000000e+00
71 50 4.154281e-03 3.299863e-03 0 0 0 0 8.967442e-10 0.000000e+00
71 51 4.154281e-03 4.154281e-03 0 0 0 0 1.621158e-09 0.000000e+00
71 52 4.154281e-03 5.229930e-03 0 0 0 0 3.088979e-09 0.000000e+00
71 53 4.154281e-03 6.584091e-03 0 0 0 0 4.777659e-09 0.000000e+00
71 54 4.154281e-03 8.288880e-03 0 0 0 0 6.493018e-09 0.000000e+00
71 55 4.154281e-03 1.043508e-02 0 0 0 0 8.184380e-09 0.000000e+00
71 56 4.154281e-03 1.313699e-02 0 0 0 0 9.749448e-09 0.000000e+00
71 57 4.154281e-03 1.653849e-02 0 0 0 0 1.104142e-08 0.000000e+00
71 58 4.154281e-03 2.082073e-02 0 0 0 0 1.189540e-08 0.000000e+00
71 59 4.154281e-03 2.621174e-02 0 0 0 0 1.217249e-08 0.000000e+00
72 40 5.229930e-03 3.299863e-04 0 0 0 0 5.994099e-12 0.000000e+00
72 41 5.229930e-03 4.154281e-04 0 0 0 0 9.503713e-12 0.000000e+00
72 42 5.229930e-03 5.229930e-04 0 0 0 0 1.506842e-11 0.000000e+00
72 43 5.229930e-03 6.584091e-04 0 0 0 0 2.389811e-11 0.000000e+00
72 44 5.229930e-03 8.288880e-04 0 0 0 0 3.791800e-11 0.000000e+00
72 45 5.229930e-03 1.043508e-03 0 0 0 0 6.020026e-11 0.000000e+00
72 46 5.229930e-03 1.313699e-03 0 0 0 0 9.567473e-11 0.000000e+00
72 47 5.229930e-03 1.653849e-03 0 0 0 0 1.523004e-10 0.000000e+00
72 48 5.229930e-03 2.082073e-03 0 0 0 0 2.430705e-10 0.000000e+00
72 49 5.229930e-03 2.621174e-03 0 0 0 0 3.895644e-10 0.000000e+00
72 50 5.229930e-03 3.299863e-03 0 0 0 0 6.287065e-10 0.000000e+00
72 51 5.229930e-03 4.154281e-03 0 0 0 0 1.029263e-09 0.000000e+00
72 52 5.229930e-03 5.229930e-03 0 0 0 0 1.860367e-09 0.000000e+00
72 53 5.229930e-03 6.584091e-03 0 0 0 0 3.525365e-09 0.000000e+00
72 54 5.229930e-03 8.288880e-03 0 0 0 0 5.433425e-09 0.000000e+00
72 55 5.229930e-03 1.043508e-02 0 0 0 0 7.323210e-09 0.000000e+00
72 56 5.229930e-03 1.313699e-02 0 0 0 0 9.078472e-09 0.000000e+00
72 57 5.229930e-03 1.653849e-02 0 0 0 0 1.054343e-08 0.000000e+00
72 58 5.229930e-03 2.082073e-02 0 0 0 0 1.154635e-08 0.000000e+00
72 59 5.229930e-03 2.621174e-02 0 0 0 0 1.194454e-08 0.000000e+00
73 40 6.584091e-03 3.299863e-04 0 0 0 0 3.976732e-12 0.000000e+00
73 41 6.584091e-03 4.154281e-04 0 0 0 0 6.303896e-12 0.000000e+00
73 42 6.584091e-03 5.229930e-04 0 0 0 0 9.995303e-12 0.000000e+00
73 43 6.584091e-03 6.584091e-04 0 0 0 0 1.585226e-11 0.000000e+00
73 44 6.584091e-03 8.288880e-04 0 0 0 0 2.515049e-11 0.000000e+00
73 45 6.584091e-03 1.043508e-03 0 0 0 0 3.992753e-11 0.000000e+00
73 46 6.584091e-03 1.313699e-03 0 0 0 0 6.344838e-11 0.000000e+00
73 47 6.584091e-03 1.653849e-03 0 0 0 0 1.009821e-10 0.000000e+00
73 48 6.584091e-03 2.082073e-03 0 0 0 0 1.611157e-10 0.000000e+00
73 49 6.584091e-03 2.621174e-03 0 0 0 0 2.580680e-10 0.000000e+00
73 50 6.584091e-03 3.299863e-03 0 0 0 0 4.159588e-10 0.000000e+00
73 51 6.584091e-03 4.154281e-03 0 0 0 0 6.772718e-10 0.000000e+00
73 52 6.584091e-03 5.229930e-03 0 0 0 0 1.123002e-09 0.000000e+00
73 53 6.584091e-03 6.584091e-03 0 0 0 0 2.056257e-09 0.000000e+00
73 54 6.584091e-03 8.288880e-03 0 0 0 0 3.921437e-09 0.000000e+00
73 55 6.584091e-03 1.043508e-02 0 0 0 0 6.038908e-09 0.000000e+00
73 56 6.584091e-03 1.313699e-02 0 0 0 0 8.051654e-09 0.000000e+00
73 57 6.584091e-03 1.653849e-02 0 0 0 0 9.769280e-09 0.000000e+00
73 58 6.584091e-03 2.082073e-02 0 0 0 0 1.099856e-08 0.000000e+00
73 59 6.584091e-03 2.621174e-02 0 0 0 0 1.158474e-08 0.000000e+00
74 40 8.288880e-03 3.299863e-04 0 0 0 0 2.396539e-12 0.000000e+00
74 41 8.288880e-03 4.154281e-04 0 0 0 0 3.799233e-12 0.000000e+00
74 42 8.288880e-03 5.229930e-04 0 0 0 0 6.023807e-12 0.000000e+00
74 43 8.288880e-03 6.584091e-04 0 0 0 0 9.553311e-12 0.000000e+00
74 44 8.288880e-03 8.288880e-04 0 0 0 0 1.515721e-11 0.000000e+00
74 45 8.288880e-03 1.043508e-03 0 0 0 0 2.406314e-11 0.000000e+00
74 46 8.288880e-03 1.313699e-03 0 0 0 0 3.823909e-11 0.000000e+00
74 47 8.288880e-03 1.653849e-03 0 0 0 0 6.086165e-11 0.000000e+00
74 48 8.288880e-03 2.082073e-03 0 0 0 0 9.710694e-11 0.000000e+00
74 49 8.288880e-03 2.621174e-03 0 0 0 0 1.555452e-10 0.000000e+00
74 50 8.288880e-03 3.299863e-03 0 0 0 0 2.506997e-10 0.000000e+00
74 51 8.288880e-03 4.154281e-03 0 0 0 0 4.080539e-10 0.000000e+00
74 52 8.288880e-03 5.229930e-03 0 0 0 0 6.746411e-10 0.000000e+00
74 53 8.288880e-03 6.584091e-03 0 0 0 0 1.144906e-09 0.000000e+00
74 54 8.288880e-03 8.288880e-03 0 0 0 0 2.164029e-09 0.000000e+00
74 55 8.288880e-03 1.043508e-02 0 0 0 0 4.222107e-09 0.000000e+00
74 56 8.288880e-03 1.313699e-02 0 0 0 0 6.522158e-09 0.000000e+00
74 57 8.288880e-03 1.653849e-02 0 0 0 0 8.582499e-09 0.000000e+00
74 58 8.288880e-03 2.082073e-02 0 0 0 0 1.014473e-08 0.000000e+00
74 59 8.288880e-03 2.621174e-02 0 0 0 0 1.101841e-08 0.000000e+00
75 40 1.043508e-02 3.299863e-04 0 0 0 0 1.236774e-12 0.000000e+00
75 41 1.043508e-02 4.154281e-04 0 0 0 0 1.960952e-12 0.000000e+00
75 42 1.043508e-02 5.229930e-04 0 0 0 0 3.109790e-12 0.000000e+00
75 43 1.043508e-02 6.584091e-04 0 0 0 0 4.932786e-12 0.000000e+00
75 44 1.043508e-02 8.288880e-04 0 0 0 0 7.827183e-12 0.000000e+00
75 45 1.043508e-02 1.043508e-03 0 0 0 0 1.242802e-11 0.000000e+00
75 46 1.043508e-02 1.313699e-03 0 0 0 0 1.975524e-11 0.000000e+00
75 47 1.043508e-02 1.653849e-03 0 0 0 0 3.145647e-11 0.000000e+00
75 48 1.043508e-02 2.082073e-03 0 0 0 0 5.022448e-11 0.000000e+00
75 49 1.043508e-02 2.621174e-03 0 0 0 0 8.053439e-11 0.000000e+00
75 50 1.043508e-02 3.299863e-03 0 0 0 0 1.300097e-10 0.000000e+00
75 51 1.043508e-02 4.154281e-03 0 0 0 0 2.121119e-10 0.000000e+00
75 52 1.043508e-02 5.229930e-03 0 0 0 0 3.518264e-10 0.000000e+00
75 53 1.043508e-02 6.584091e-03 0 0 0 0 5.987505e-10 0.000000e+00
75 54 1.043508e-02 8.288880e-03 0 0 0 0 1.061161e-09 0.000000e+00
75 55 1.043508e-02 1.043508e-02 0 0 0 0 2.137189e-09 0.000000e+00
75 56 1.043508e-02 1.313699e-02 0 0 0 0 4.371078e-09 0.000000e+00
75 57 1.043508e-02 1.653849e-02 0 0 0 0 6.811951e-09 0.000000e+00
75 58 1.043508e-02 2.082073e-02 0 0 0 0 8.830741e-09 0.000000e+00
75 59 1.043508e-02 2.621174e-02 0 0 0 0 1.013149e-08 0.000000e+00
76 40 1.313699e-02 3.299863e-04 0 0 0 0 4.584255e-13 0.000000e+00
76 41 1.313699e-02 4.154281e-04 0 0 0 0 7.267041e-13 0.000000e+00
76 42 1.313699e-02 5.229930e-04 0 0 0 0 1.152282e-12 0.000000e+00
76 43 1.313699e-02 6.584091e-04 0 0 0 0 1.827832e-12 0.000000e+00
76 44 1.313699e-02 8.288880e-04 0 0 0 0 2.901541e-12 0.000000e+00
76 45 1.313699e-02 1.043508e-03 0 0 0 0 4.611032e-12 0.000000e+00
76 46 1.313699e-02 1.313699e-03 0 0 0 0 7.339025e-12 0.000000e+00
76 47 1.313699e-02 1.653849e-03 0 0 0 0 1.170922e-11 0.000000e+00
76 48 1.313699e-02 2.082073e-03 0 0 0 0 1.875400e-11 0.000000e+00
76 49 1.313699e-02 2.621174e-03 0 0 0 0 3.021810e-11 0.000000e+00
76 50 1.313699e-02 3.299863e-03 0 0 0 0 4.914711e-11 0.000000e+00
76 51 1.313699e-02 4.154281e-03 0 0 0 0 8.108801e-11 0.000000e+00
76 52 1.313699e-02 5.229930e-03 0 0 0 0 1.367225e-10 0.000000e+00
76 53 1.313699e-02 6.584091e-03 0 0 0 0 2.380627e-10 0.000000e+00
76 54 1.313699e-02 8.288880e-03 0 0 0 0 4.342569e-10 0.000000e+00
76 55 1.313699e-02 1.043508e-02 0 0 0 0 8.465923e-10 0.000000e+00
76 56 1.313699e-02 1.313699e-02 0 0 0 0 1.939937e-09 0.000000e+00
76 57 1.313699e-02 1.653849e-02 0 0 0 0 4.326935e-09 0.000000e+00
76 58 1.313699e-02 2.082073e-02 0 0 0 0 6.860696e-09 0.000000e+00
76 59 1.313699e-02 2.621174e-02 0 0 0 0 8.756416e-09 0.000000e+00
77 40 1.653849e-02 3.299863e-04 0 0 0 0 -1.251912e-15 0.000000e+00
77 41 1.653849e-02 4.154281e-04 0 0 0 0 -1.860672e-15 0.000000e+00
77 42 1.653849e-02 5.229930e-04 0 0 0 0 -2.577062e-15 0.000000e+00
77 43 1.653849e-02 6.584091e-04 0 0 0 0 -3.144820e-15 0.000000e+00
77 44 1.653849e-02 8.288880e-04 0 0 0 0 -2.628267e-15 0.000000e+00
77 45 1.653849e-02 1.043508e-03 0 0 0 0 1.646625e-15 0.000000e+00
77 46 1.653849e-02 1.313699e-03 0 0 0 0 1.743870e-14 0.000000e+00
77 47 1.653849e-02 1.653849e-03 0 0 0 0 6.535781e-14 0.000000e+00
77 48 1.653849e-02 2.082073e-03 0 0 0 0 1.983705e-13 0.000000e+00
77 49 1.653849e-02 2.621174e-03 0 0 0 0 5.533870e-13 0.000000e+00
77 50 1.653849e-02 3.299863e-03 0 0 0 0 1.482472e-12 0.000000e+00
77 51 1.653849e-02 4.154281e-03 0 0 0 0 3.888668e-12 0.000000e+00
77 52 1.653849e-02 5.229930e-03 0 0 0 0 1.010454e-11 0.000000e+00
77 53 1.653849e-02 6.584091e-03 0 0 0 0 2.622115e-11 0.000000e+00
77 54 1.653849e-02 8.288880e-03 0 0 0 0 6.847594e-11 0.000000e+00
77 55 1.653849e-02 1.043508e-02 0 0 0 0 1.817146e-10 0.000000e+00
77 56 1.653849e-02 1.313699e-02 0 0 0 0 4.979964e-10 0.000000e+00
77 57 1.653849e-02 1.653849e-02 0 0 0 0 1.565598e-09 0.000000e+00
77 58 1.653849e-02 2.082073e-02 0 0 0 0 4.087390e-09 0.000000e+00
77 59 1.653849e-02 2.621174e-02 0 0 0 0 6.672181e-09 0.000000e+00
78 40 2.082073e-02 3.299863e-04 0 0 0 0 -2.155347e-13 0.000000e+00
78 41 2.082073e-02 4.154281e-04 0 0 0 0 -3.415480e-13 0.000000e+00
78 42 2.082073e-02 5.229930e-04 0 0 0 0 -5.411093e-13 0.000000e+00
78 43 2.082073e-02 6.584091e-04 0 0 0 0 -8.571206e-13 0.000000e+00
78 44 2.082073e-02 8.288880e-04 0 0 0 0 -1.357284e-12 0.000000e+00
78 45 2.082073e-02 1.043508e-03 0 0 0 0 -2.148293e-12 0.000000e+00
78 46 2.082073e-02 1.313699e-03 0 0 0 0 -3.398039e-12 0.000000e+00
78 47 2.082073e-02 1.653849e-03 0 0 0 0 -5.369138e-12 0.000000e+00
78 48 2.082073e-02 2.082073e-03 0 0 0 0 -8.468377e-12 0.000000e+00
78 49 2.082073e-02 2.621174e-03 0 0 0 0 -1.331719e-11 0.000000e+00
78 50 2.082073e-02 3.299863e-03 0 0 0 0 -2.084272e-11 0.000000e+00
78 51 2.082073e-02 4.154281e-03 0 0 0 0 -3.236448e-11 0.000000e+00
78 52 2.082073e-02 5.229930e-03 0 0 0 0 -4.958572e-11 0.000000e+00
78 53 2.082073e-02 6.584091e-03 0 0 0 0 -7.418228e-11 0.000000e+00
78 54 2.082073e-02 8.288880e-03 0 0 0 0 -1.060331e-10 0.000000e+00
78 55 2.082073e-02 1.043508e-02 0 0 0 0 -1.370879e-10 0.000000e+00
78 56 2.082073e-02 1.313699e-02 0 0 0 0 -1.308065e-10 0.000000e+00
78 57 2.082073e-02 1.653849e-02 0 0 0 0 5.150829e-11 0.000000e+00
78 58 2.082073e-02 2.082073e-02 0 0 0 0 1.057357e-09 0.000000e+00
78 59 2.082073e-02 2.621174e-02 0 0 0 0 3.702141e-09 0.000000e+00
79 40 2.621174e-02 3.299863e-04 0 0 0 0 -2.592928e-13 0.000000e+00
79 41 2.621174e-02 4.154281e-04 0 0 0 0 -4.109285e-13 0.000000e+00
79 42 2.621174e-02 5.229930e-04 0 0 0 0 -6.511954e-13 0.000000e+00
79 43 2.621174e-02 6.584091e-04 0 0 0 0 -1.031905e-12 0.000000e+00
79 44 2.621174e-02 8.288880e-04 0 0 0 0 -1.635087e-12 0.000000e+00
79 45 2.621174e-02 1.043508e-03 0 0 0 0 -2.590552e-12 0.000000e+00
79 46 2.621174e-02 1.313699e-03 0 0 0 0 -4.103389e-12 0.000000e+00
79 47 2.621174e-02 1.653849e-03 0 0 0 0 -6.497107e-12 0.000000e+00
79 48 2.621174e-02 2.082073e-03 0 0 0 0 -1.028082e-11 0.000000e+00
79 49 2.621174e-02 2.621174e-03 0 0 0 0 -1.625288e-11 0.000000e+00
79 50 2.621174e-02 3.299863e-03 0 0 0 0 -2.565579e-11 0.000000e+00
79 51 2.621174e-02 4.154281e-03 0 0 0 0 -4.040096e-11 0.000000e+00
79 52 2.621174e-02 5.229930e-03 0 0 0 0 -6.337127e-11 0.000000e+00
79 53 2.621174e-02 6.584091e-03 0 0 0 0 -9.875654e-11 0.000000e+00
79 54 2.621174e-02 8.288880e-03 0 0 0 0 -1.521972e-10 0.000000e+00
79 55 2.621174e-02 1.043508e-02 0 0 0 0 -2.298916e-10 0.000000e+00
79 56 2.621174e-02 1.313699e-02 0 0 0 0 -3.336438e-10 0.000000e+00
79 57 2.621174e-02 1.653849e-02 0 0 0 0 -4.403611e-10 0.000000e+00
79 58 2.621174e-02 2.082073e-02 0 0 0 0 -4.154058e-10 0.000000e+00
79 59 2.621174e-02 2.621174e-02 0 0 0 0 4.925172e-10 0.000000e+00
