# Please cite the following papers in research using this covariance:
# arXiv: 1601.05779, https://arxiv.org/abs/1601.05779
# arXiv: 1911.11947, https://arxiv.org/abs/1911.11947
# arXiv: 2004.04833, https://arxiv.org/abs/2004.04833
########################################################
60 60 3.299863e-04 3.299863e-04 0 0 0 0 1.076878e-06 0.000000e+00
60 61 3.299863e-04 4.154281e-04 0 0 0 0 1.055105e-06 0.000000e+00
60 62 3.299863e-04 5.229930e-04 0 0 0 0 1.041693e-06 0.000000e+00
60 63 3.299863e-04 6.584091e-04 0 0 0 0 1.027042e-06 0.000000e+00
60 64 3.299863e-04 8.288880e-04 0 0 0 0 1.011033e-06 0.000000e+00
60 65 3.299863e-04 1.043508e-03 0 0 0 0 9.933708e-07 0.000000e+00
60 66 3.299863e-04 1.313699e-03 0 0 0 0 9.735822e-07 0.000000e+00
60 67 3.299863e-04 1.653849e-03 0 0 0 0 9.509856e-07 0.000000e+00
60 68 3.299863e-04 2.082073e-03 0 0 0 0 9.246715e-07 0.000000e+00
60 69 3.299863e-04 2.621174e-03 0 0 0 0 8.935232e-07 0.000000e+00
60 70 3.299863e-04 3.299863e-03 0 0 0 0 8.562669e-07 0.000000e+00
60 71 3.299863e-04 4.154281e-03 0 0 0 0 8.115781e-07 0.000000e+00
60 72 3.299863e-04 5.229930e-03 0 0 0 0 7.582628e-07 0.000000e+00
60 73 3.299863e-04 6.584091e-03 0 0 0 0 6.955236e-07 0.000000e+00
60 74 3.299863e-04 8.288880e-03 0 0 0 0 6.233028e-07 0.000000e+00
60 75 3.299863e-04 1.043508e-02 0 0 0 0 5.426498e-07 0.000000e+00
60 76 3.299863e-04 1.313699e-02 0 0 0 0 4.560062e-07 0.000000e+00
60 77 3.299863e-04 1.653849e-02 0 0 0 0 3.672579e-07 0.000000e+00
60 78 3.299863e-04 2.082073e-02 0 0 0 0 2.813932e-07 0.000000e+00
60 79 3.299863e-04 2.621174e-02 0 0 0 0 2.036329e-07 0.000000e+00
61 60 4.154281e-04 3.299863e-04 0 0 0 0 1.055105e-06 0.000000e+00
61 61 4.154281e-04 4.154281e-04 0 0 0 0 1.058709e-06 0.000000e+00
61 62 4.154281e-04 5.229930e-04 0 0 0 0 1.040444e-06 0.000000e+00
61 63 4.154281e-04 6.584091e-04 0 0 0 0 1.026137e-06 0.000000e+00
61 64 4.154281e-04 8.288880e-04 0 0 0 0 1.010323e-06 0.000000e+00
61 65 4.154281e-04 1.043508e-03 0 0 0 0 9.927893e-07 0.000000e+00
61 66 4.154281e-04 1.313699e-03 0 0 0 0 9.730955e-07 0.000000e+00
61 67 4.154281e-04 1.653849e-03 0 0 0 0 9.505770e-07 0.000000e+00
61 68 4.154281e-04 2.082073e-03 0 0 0 0 9.243349e-07 0.000000e+00
61 69 4.154281e-04 2.621174e-03 0 0 0 0 8.932541e-07 0.000000e+00
61 70 4.154281e-04 3.299863e-03 0 0 0 0 8.560596e-07 0.000000e+00
61 71 4.154281e-04 4.154281e-03 0 0 0 0 8.114256e-07 0.000000e+00
61 72 4.154281e-04 5.229930e-03 0 0 0 0 7.581571e-07 0.000000e+00
61 73 4.154281e-04 6.584091e-03 0 0 0 0 6.954560e-07 0.000000e+00
61 74 4.154281e-04 8.288880e-03 0 0 0 0 6.232645e-07 0.000000e+00
61 75 4.154281e-04 1.043508e-02 0 0 0 0 5.426323e-07 0.000000e+00
61 76 4.154281e-04 1.313699e-02 0 0 0 0 4.560020e-07 0.000000e+00
61 77 4.154281e-04 1.653849e-02 0 0 0 0 3.672608e-07 0.000000e+00
61 78 4.154281e-04 2.082073e-02 0 0 0 0 2.813988e-07 0.000000e+00
61 79 4.154281e-04 2.621174e-02 0 0 0 0 2.036383e-07 0.000000e+00
62 60 5.229930e-04 3.299863e-04 0 0 0 0 1.041693e-06 0.000000e+00
62 61 5.229930e-04 4.154281e-04 0 0 0 0 1.040444e-06 0.000000e+00
62 62 5.229930e-04 5.229930e-04 0 0 0 0 1.041034e-06 0.000000e+00
62 63 5.229930e-04 6.584091e-04 0 0 0 0 1.024603e-06 0.000000e+00
62 64 5.229930e-04 8.288880e-04 0 0 0 0 1.009170e-06 0.000000e+00
62 65 5.229930e-04 1.043508e-03 0 0 0 0 9.918587e-07 0.000000e+00
62 66 5.229930e-04 1.313699e-03 0 0 0 0 9.723200e-07 0.000000e+00
62 67 5.229930e-04 1.653849e-03 0 0 0 0 9.499287e-07 0.000000e+00
62 68 5.229930e-04 2.082073e-03 0 0 0 0 9.238015e-07 0.000000e+00
62 69 5.229930e-04 2.621174e-03 0 0 0 0 8.928274e-07 0.000000e+00
62 70 5.229930e-04 3.299863e-03 0 0 0 0 8.557307e-07 0.000000e+00
62 71 5.229930e-04 4.154281e-03 0 0 0 0 8.111838e-07 0.000000e+00
62 72 5.229930e-04 5.229930e-03 0 0 0 0 7.579895e-07 0.000000e+00
62 73 5.229930e-04 6.584091e-03 0 0 0 0 6.953489e-07 0.000000e+00
62 74 5.229930e-04 8.288880e-03 0 0 0 0 6.232038e-07 0.000000e+00
62 75 5.229930e-04 1.043508e-02 0 0 0 0 5.426045e-07 0.000000e+00
62 76 5.229930e-04 1.313699e-02 0 0 0 0 4.559953e-07 0.000000e+00
62 77 5.229930e-04 1.653849e-02 0 0 0 0 3.672655e-07 0.000000e+00
62 78 5.229930e-04 2.082073e-02 0 0 0 0 2.814078e-07 0.000000e+00
62 79 5.229930e-04 2.621174e-02 0 0 0 0 2.036469e-07 0.000000e+00
63 60 6.584091e-04 3.299863e-04 0 0 0 0 1.027042e-06 0.000000e+00
63 61 6.584091e-04 4.154281e-04 0 0 0 0 1.026137e-06 0.000000e+00
63 62 6.584091e-04 5.229930e-04 0 0 0 0 1.024603e-06 0.000000e+00
63 63 6.584091e-04 6.584091e-04 0 0 0 0 1.023016e-06 0.000000e+00
63 64 6.584091e-04 8.288880e-04 0 0 0 0 1.007236e-06 0.000000e+00
63 65 6.584091e-04 1.043508e-03 0 0 0 0 9.903543e-07 0.000000e+00
63 66 6.584091e-04 1.313699e-03 0 0 0 0 9.710833e-07 0.000000e+00
63 67 6.584091e-04 1.653849e-03 0 0 0 0 9.488992e-07 0.000000e+00
63 68 6.584091e-04 2.082073e-03 0 0 0 0 9.229552e-07 0.000000e+00
63 69 6.584091e-04 2.621174e-03 0 0 0 0 8.921506e-07 0.000000e+00
63 70 6.584091e-04 3.299863e-03 0 0 0 0 8.552091e-07 0.000000e+00
63 71 6.584091e-04 4.154281e-03 0 0 0 0 8.108001e-07 0.000000e+00
63 72 6.584091e-04 5.229930e-03 0 0 0 0 7.577237e-07 0.000000e+00
63 73 6.584091e-04 6.584091e-03 0 0 0 0 6.951789e-07 0.000000e+00
63 74 6.584091e-04 8.288880e-03 0 0 0 0 6.231074e-07 0.000000e+00
63 75 6.584091e-04 1.043508e-02 0 0 0 0 5.425605e-07 0.000000e+00
63 76 6.584091e-04 1.313699e-02 0 0 0 0 4.559847e-07 0.000000e+00
63 77 6.584091e-04 1.653849e-02 0 0 0 0 3.672729e-07 0.000000e+00
63 78 6.584091e-04 2.082073e-02 0 0 0 0 2.814220e-07 0.000000e+00
63 79 6.584091e-04 2.621174e-02 0 0 0 0 2.036604e-07 0.000000e+00
64 60 8.288880e-04 3.299863e-04 0 0 0 0 1.011033e-06 0.000000e+00
64 61 8.288880e-04 4.154281e-04 0 0 0 0 1.010323e-06 0.000000e+00
64 62 8.288880e-04 5.229930e-04 0 0 0 0 1.009170e-06 0.000000e+00
64 63 8.288880e-04 6.584091e-04 0 0 0 0 1.007236e-06 0.000000e+00
64 64 8.288880e-04 8.288880e-04 0 0 0 0 1.003901e-06 0.000000e+00
64 65 8.288880e-04 1.043508e-03 0 0 0 0 9.878608e-07 0.000000e+00
64 66 8.288880e-04 1.313699e-03 0 0 0 0 9.690984e-07 0.000000e+00
64 67 8.288880e-04 1.653849e-03 0 0 0 0 9.472612e-07 0.000000e+00
64 68 8.288880e-04 2.082073e-03 0 0 0 0 9.216115e-07 0.000000e+00
64 69 8.288880e-04 2.621174e-03 0 0 0 0 8.910761e-07 0.000000e+00
64 70 8.288880e-04 3.299863e-03 0 0 0 0 8.543811e-07 0.000000e+00
64 71 8.288880e-04 4.154281e-03 0 0 0 0 8.101911e-07 0.000000e+00
64 72 8.288880e-04 5.229930e-03 0 0 0 0 7.573016e-07 0.000000e+00
64 73 8.288880e-04 6.584091e-03 0 0 0 0 6.949091e-07 0.000000e+00
64 74 8.288880e-04 8.288880e-03 0 0 0 0 6.229545e-07 0.000000e+00
64 75 8.288880e-04 1.043508e-02 0 0 0 0 5.424906e-07 0.000000e+00
64 76 8.288880e-04 1.313699e-02 0 0 0 0 4.559679e-07 0.000000e+00
64 77 8.288880e-04 1.653849e-02 0 0 0 0 3.672847e-07 0.000000e+00
64 78 8.288880e-04 2.082073e-02 0 0 0 0 2.814444e-07 0.000000e+00
64 79 8.288880e-04 2.621174e-02 0 0 0 0 2.036820e-07 0.000000e+00
65 60 1.043508e-03 3.299863e-04 0 0 0 0 9.933708e-07 0.000000e+00
65 61 1.043508e-03 4.154281e-04 0 0 0 0 9.927893e-07 0.000000e+00
65 62 1.043508e-03 5.229930e-04 0 0 0 0 9.918587e-07 0.000000e+00
65 63 1.043508e-03 6.584091e-04 0 0 0 0 9.903543e-07 0.000000e+00
65 64 1.043508e-03 8.288880e-04 0 0 0 0 9.878608e-07 0.000000e+00
65 65 1.043508e-03 1.043508e-03 0 0 0 0 9.829158e-07 0.000000e+00
65 66 1.043508e-03 1.313699e-03 0 0 0 0 9.658458e-07 0.000000e+00
65 67 1.043508e-03 1.653849e-03 0 0 0 0 9.446434e-07 0.000000e+00
65 68 1.043508e-03 2.082073e-03 0 0 0 0 9.194752e-07 0.000000e+00
65 69 1.043508e-03 2.621174e-03 0 0 0 0 8.893692e-07 0.000000e+00
65 70 1.043508e-03 3.299863e-03 0 0 0 0 8.530657e-07 0.000000e+00
65 71 1.043508e-03 4.154281e-03 0 0 0 0 8.092235e-07 0.000000e+00
65 72 1.043508e-03 5.229930e-03 0 0 0 0 7.566311e-07 0.000000e+00
65 73 1.043508e-03 6.584091e-03 0 0 0 0 6.944805e-07 0.000000e+00
65 74 1.043508e-03 8.288880e-03 0 0 0 0 6.227114e-07 0.000000e+00
65 75 1.043508e-03 1.043508e-02 0 0 0 0 5.423795e-07 0.000000e+00
65 76 1.043508e-03 1.313699e-02 0 0 0 0 4.559409e-07 0.000000e+00
65 77 1.043508e-03 1.653849e-02 0 0 0 0 3.673032e-07 0.000000e+00
65 78 1.043508e-03 2.082073e-02 0 0 0 0 2.814800e-07 0.000000e+00
65 79 1.043508e-03 2.621174e-02 0 0 0 0 2.037161e-07 0.000000e+00
66 60 1.313699e-03 3.299863e-04 0 0 0 0 9.735822e-07 0.000000e+00
66 61 1.313699e-03 4.154281e-04 0 0 0 0 9.730955e-07 0.000000e+00
66 62 1.313699e-03 5.229930e-04 0 0 0 0 9.723200e-07 0.000000e+00
66 63 1.313699e-03 6.584091e-04 0 0 0 0 9.710833e-07 0.000000e+00
66 64 1.313699e-03 8.288880e-04 0 0 0 0 9.690984e-07 0.000000e+00
66 65 1.313699e-03 1.043508e-03 0 0 0 0 9.658458e-07 0.000000e+00
66 66 1.313699e-03 1.313699e-03 0 0 0 0 9.592206e-07 0.000000e+00
66 67 1.313699e-03 1.653849e-03 0 0 0 0 9.403961e-07 0.000000e+00
66 68 1.313699e-03 2.082073e-03 0 0 0 0 9.160678e-07 0.000000e+00
66 69 1.313699e-03 2.621174e-03 0 0 0 0 8.866533e-07 0.000000e+00
66 70 1.313699e-03 3.299863e-03 0 0 0 0 8.509728e-07 0.000000e+00
66 71 1.313699e-03 4.154281e-03 0 0 0 0 8.076840e-07 0.000000e+00
66 72 1.313699e-03 5.229930e-03 0 0 0 0 7.555644e-07 0.000000e+00
66 73 1.313699e-03 6.584091e-03 0 0 0 0 6.937985e-07 0.000000e+00
66 74 1.313699e-03 8.288880e-03 0 0 0 0 6.223247e-07 0.000000e+00
66 75 1.313699e-03 1.043508e-02 0 0 0 0 5.422025e-07 0.000000e+00
66 76 1.313699e-03 1.313699e-02 0 0 0 0 4.558978e-07 0.000000e+00
66 77 1.313699e-03 1.653849e-02 0 0 0 0 3.673323e-07 0.000000e+00
66 78 1.313699e-03 2.082073e-02 0 0 0 0 2.815363e-07 0.000000e+00
66 79 1.313699e-03 2.621174e-02 0 0 0 0 2.037701e-07 0.000000e+00
67 60 1.653849e-03 3.299863e-04 0 0 0 0 9.509856e-07 0.000000e+00
67 61 1.653849e-03 4.154281e-04 0 0 0 0 9.505770e-07 0.000000e+00
67 62 1.653849e-03 5.229930e-04 0 0 0 0 9.499287e-07 0.000000e+00
67 63 1.653849e-03 6.584091e-04 0 0 0 0 9.488992e-07 0.000000e+00
67 64 1.653849e-03 8.288880e-04 0 0 0 0 9.472612e-07 0.000000e+00
67 65 1.653849e-03 1.043508e-03 0 0 0 0 9.446434e-07 0.000000e+00
67 66 1.653849e-03 1.313699e-03 0 0 0 0 9.403961e-07 0.000000e+00
67 67 1.653849e-03 1.653849e-03 0 0 0 0 9.318749e-07 0.000000e+00
67 68 1.653849e-03 2.082073e-03 0 0 0 0 9.105727e-07 0.000000e+00
67 69 1.653849e-03 2.621174e-03 0 0 0 0 8.823192e-07 0.000000e+00
67 70 1.653849e-03 3.299863e-03 0 0 0 0 8.476358e-07 0.000000e+00
67 71 1.653849e-03 4.154281e-03 0 0 0 0 8.052293e-07 0.000000e+00
67 72 1.653849e-03 5.229930e-03 0 0 0 0 7.538635e-07 0.000000e+00
67 73 1.653849e-03 6.584091e-03 0 0 0 0 6.927111e-07 0.000000e+00
67 74 1.653849e-03 8.288880e-03 0 0 0 0 6.217077e-07 0.000000e+00
67 75 1.653849e-03 1.043508e-02 0 0 0 0 5.419197e-07 0.000000e+00
67 76 1.653849e-03 1.313699e-02 0 0 0 0 4.558284e-07 0.000000e+00
67 77 1.653849e-03 1.653849e-02 0 0 0 0 3.673780e-07 0.000000e+00
67 78 1.653849e-03 2.082073e-02 0 0 0 0 2.816253e-07 0.000000e+00
67 79 1.653849e-03 2.621174e-02 0 0 0 0 2.038556e-07 0.000000e+00
68 60 2.082073e-03 3.299863e-04 0 0 0 0 9.246715e-07 0.000000e+00
68 61 2.082073e-03 4.154281e-04 0 0 0 0 9.243349e-07 0.000000e+00
68 62 2.082073e-03 5.229930e-04 0 0 0 0 9.238015e-07 0.000000e+00
68 63 2.082073e-03 6.584091e-04 0 0 0 0 9.229552e-07 0.000000e+00
68 64 2.082073e-03 8.288880e-04 0 0 0 0 9.216115e-07 0.000000e+00
68 65 2.082073e-03 1.043508e-03 0 0 0 0 9.194752e-07 0.000000e+00
68 66 2.082073e-03 1.313699e-03 0 0 0 0 9.160678e-07 0.000000e+00
68 67 2.082073e-03 1.653849e-03 0 0 0 0 9.105727e-07 0.000000e+00
68 68 2.082073e-03 2.082073e-03 0 0 0 0 8.998480e-07 0.000000e+00
68 69 2.082073e-03 2.621174e-03 0 0 0 0 8.753423e-07 0.000000e+00
68 70 2.082073e-03 3.299863e-03 0 0 0 0 8.422950e-07 0.000000e+00
68 71 2.082073e-03 4.154281e-03 0 0 0 0 8.013014e-07 0.000000e+00
68 72 2.082073e-03 5.229930e-03 0 0 0 0 7.511418e-07 0.000000e+00
68 73 2.082073e-03 6.584091e-03 0 0 0 0 6.909709e-07 0.000000e+00
68 74 2.082073e-03 8.288880e-03 0 0 0 0 6.207198e-07 0.000000e+00
68 75 2.082073e-03 1.043508e-02 0 0 0 0 5.414658e-07 0.000000e+00
68 76 2.082073e-03 1.313699e-02 0 0 0 0 4.557153e-07 0.000000e+00
68 77 2.082073e-03 1.653849e-02 0 0 0 0 3.674490e-07 0.000000e+00
68 78 2.082073e-03 2.082073e-02 0 0 0 0 2.817658e-07 0.000000e+00
68 79 2.082073e-03 2.621174e-02 0 0 0 0 2.039909e-07 0.000000e+00
69 60 2.621174e-03 3.299863e-04 0 0 0 0 8.935232e-07 0.000000e+00
69 61 2.621174e-03 4.154281e-04 0 0 0 0 8.932541e-07 0.000000e+00
69 62 2.621174e-03 5.229930e-04 0 0 0 0 8.928274e-07 0.000000e+00
69 63 2.621174e-03 6.584091e-04 0 0 0 0 8.921506e-07 0.000000e+00
69 64 2.621174e-03 8.288880e-04 0 0 0 0 8.910761e-07 0.000000e+00
69 65 2.621174e-03 1.043508e-03 0 0 0 0 8.893692e-07 0.000000e+00
69 66 2.621174e-03 1.313699e-03 0 0 0 0 8.866533e-07 0.000000e+00
69 67 2.621174e-03 1.653849e-03 0 0 0 0 8.823192e-07 0.000000e+00
69 68 2.621174e-03 2.082073e-03 0 0 0 0 8.753423e-07 0.000000e+00
69 69 2.621174e-03 2.621174e-03 0 0 0 0 8.620802e-07 0.000000e+00
69 70 2.621174e-03 3.299863e-03 0 0 0 0 8.336764e-07 0.000000e+00
69 71 2.621174e-03 4.154281e-03 0 0 0 0 7.949809e-07 0.000000e+00
69 72 2.621174e-03 5.229930e-03 0 0 0 0 7.467625e-07 0.000000e+00
69 73 2.621174e-03 6.584091e-03 0 0 0 0 6.881705e-07 0.000000e+00
69 74 2.621174e-03 8.288880e-03 0 0 0 0 6.191286e-07 0.000000e+00
69 75 2.621174e-03 1.043508e-02 0 0 0 0 5.407322e-07 0.000000e+00
69 76 2.621174e-03 1.313699e-02 0 0 0 0 4.555289e-07 0.000000e+00
69 77 2.621174e-03 1.653849e-02 0 0 0 0 3.675582e-07 0.000000e+00
69 78 2.621174e-03 2.082073e-02 0 0 0 0 2.819872e-07 0.000000e+00
69 79 2.621174e-03 2.621174e-02 0 0 0 0 2.042049e-07 0.000000e+00
70 60 3.299863e-03 3.299863e-04 0 0 0 0 8.562669e-07 0.000000e+00
70 61 3.299863e-03 4.154281e-04 0 0 0 0 8.560596e-07 0.000000e+00
70 62 3.299863e-03 5.229930e-04 0 0 0 0 8.557307e-07 0.000000e+00
70 63 3.299863e-03 6.584091e-04 0 0 0 0 8.552091e-07 0.000000e+00
70 64 3.299863e-03 8.288880e-04 0 0 0 0 8.543811e-07 0.000000e+00
70 65 3.299863e-03 1.043508e-03 0 0 0 0 8.530657e-07 0.000000e+00
70 66 3.299863e-03 1.313699e-03 0 0 0 0 8.509728e-07 0.000000e+00
70 67 3.299863e-03 1.653849e-03 0 0 0 0 8.476358e-07 0.000000e+00
70 68 3.299863e-03 2.082073e-03 0 0 0 0 8.422950e-07 0.000000e+00
70 69 3.299863e-03 2.621174e-03 0 0 0 0 8.336764e-07 0.000000e+00
70 70 3.299863e-03 3.299863e-03 0 0 0 0 8.175997e-07 0.000000e+00
70 71 3.299863e-03 4.154281e-03 0 0 0 0 7.847083e-07 0.000000e+00
70 72 3.299863e-03 5.229930e-03 0 0 0 0 7.396542e-07 0.000000e+00
70 73 3.299863e-03 6.584091e-03 0 0 0 0 6.836240e-07 0.000000e+00
70 74 3.299863e-03 8.288880e-03 0 0 0 0 6.165416e-07 0.000000e+00
70 75 3.299863e-03 1.043508e-02 0 0 0 0 5.395330e-07 0.000000e+00
70 76 3.299863e-03 1.313699e-02 0 0 0 0 4.552147e-07 0.000000e+00
70 77 3.299863e-03 1.653849e-02 0 0 0 0 3.677226e-07 0.000000e+00
70 78 3.299863e-03 2.082073e-02 0 0 0 0 2.823344e-07 0.000000e+00
70 79 3.299863e-03 2.621174e-02 0 0 0 0 2.045428e-07 0.000000e+00
71 60 4.154281e-03 3.299863e-04 0 0 0 0 8.115781e-07 0.000000e+00
71 61 4.154281e-03 4.154281e-04 0 0 0 0 8.114256e-07 0.000000e+00
71 62 4.154281e-03 5.229930e-04 0 0 0 0 8.111838e-07 0.000000e+00
71 63 4.154281e-03 6.584091e-04 0 0 0 0 8.108001e-07 0.000000e+00
71 64 4.154281e-03 8.288880e-04 0 0 0 0 8.101911e-07 0.000000e+00
71 65 4.154281e-03 1.043508e-03 0 0 0 0 8.092235e-07 0.000000e+00
71 66 4.154281e-03 1.313699e-03 0 0 0 0 8.076840e-07 0.000000e+00
71 67 4.154281e-03 1.653849e-03 0 0 0 0 8.052293e-07 0.000000e+00
71 68 4.154281e-03 2.082073e-03 0 0 0 0 8.013014e-07 0.000000e+00
71 69 4.154281e-03 2.621174e-03 0 0 0 0 7.949809e-07 0.000000e+00
71 70 4.154281e-03 3.299863e-03 0 0 0 0 7.847083e-07 0.000000e+00
71 71 4.154281e-03 4.154281e-03 0 0 0 0 7.657031e-07 0.000000e+00
71 72 4.154281e-03 5.229930e-03 0 0 0 0 7.279508e-07 0.000000e+00
71 73 4.154281e-03 6.584091e-03 0 0 0 0 6.761395e-07 0.000000e+00
71 74 4.154281e-03 8.288880e-03 0 0 0 0 6.122740e-07 0.000000e+00
71 75 4.154281e-03 1.043508e-02 0 0 0 0 5.375393e-07 0.000000e+00
71 76 4.154281e-03 1.313699e-02 0 0 0 0 4.546690e-07 0.000000e+00
71 77 4.154281e-03 1.653849e-02 0 0 0 0 3.679614e-07 0.000000e+00
71 78 4.154281e-03 2.082073e-02 0 0 0 0 2.828759e-07 0.000000e+00
71 79 4.154281e-03 2.621174e-02 0 0 0 0 2.050751e-07 0.000000e+00
72 60 5.229930e-03 3.299863e-04 0 0 0 0 7.582628e-07 0.000000e+00
72 61 5.229930e-03 4.154281e-04 0 0 0 0 7.581571e-07 0.000000e+00
72 62 5.229930e-03 5.229930e-04 0 0 0 0 7.579895e-07 0.000000e+00
72 63 5.229930e-03 6.584091e-04 0 0 0 0 7.577237e-07 0.000000e+00
72 64 5.229930e-03 8.288880e-04 0 0 0 0 7.573016e-07 0.000000e+00
72 65 5.229930e-03 1.043508e-03 0 0 0 0 7.566311e-07 0.000000e+00
72 66 5.229930e-03 1.313699e-03 0 0 0 0 7.555644e-07 0.000000e+00
72 67 5.229930e-03 1.653849e-03 0 0 0 0 7.538635e-07 0.000000e+00
72 68 5.229930e-03 2.082073e-03 0 0 0 0 7.511418e-07 0.000000e+00
72 69 5.229930e-03 2.621174e-03 0 0 0 0 7.467625e-07 0.000000e+00
72 70 5.229930e-03 3.299863e-03 0 0 0 0 7.396542e-07 0.000000e+00
72 71 5.229930e-03 4.154281e-03 0 0 0 0 7.279508e-07 0.000000e+00
72 72 5.229930e-03 5.229930e-03 0 0 0 0 7.061872e-07 0.000000e+00
72 73 5.229930e-03 6.584091e-03 0 0 0 0 6.635470e-07 0.000000e+00
72 74 5.229930e-03 8.288880e-03 0 0 0 0 6.050743e-07 0.000000e+00
72 75 5.229930e-03 1.043508e-02 0 0 0 0 5.341377e-07 0.000000e+00
72 76 5.229930e-03 1.313699e-02 0 0 0 0 4.536813e-07 0.000000e+00
72 77 5.229930e-03 1.653849e-02 0 0 0 0 3.682835e-07 0.000000e+00
72 78 5.229930e-03 2.082073e-02 0 0 0 0 2.837111e-07 0.000000e+00
72 79 5.229930e-03 2.621174e-02 0 0 0 0 2.059107e-07 0.000000e+00
73 60 6.584091e-03 3.299863e-04 0 0 0 0 6.955236e-07 0.000000e+00
73 61 6.584091e-03 4.154281e-04 0 0 0 0 6.954560e-07 0.000000e+00
73 62 6.584091e-03 5.229930e-04 0 0 0 0 6.953489e-07 0.000000e+00
73 63 6.584091e-03 6.584091e-04 0 0 0 0 6.951789e-07 0.000000e+00
73 64 6.584091e-03 8.288880e-04 0 0 0 0 6.949091e-07 0.000000e+00
73 65 6.584091e-03 1.043508e-03 0 0 0 0 6.944805e-07 0.000000e+00
73 66 6.584091e-03 1.313699e-03 0 0 0 0 6.937985e-07 0.000000e+00
73 67 6.584091e-03 1.653849e-03 0 0 0 0 6.927111e-07 0.000000e+00
73 68 6.584091e-03 2.082073e-03 0 0 0 0 6.909709e-07 0.000000e+00
73 69 6.584091e-03 2.621174e-03 0 0 0 0 6.881705e-07 0.000000e+00
73 70 6.584091e-03 3.299863e-03 0 0 0 0 6.836240e-07 0.000000e+00
73 71 6.584091e-03 4.154281e-03 0 0 0 0 6.761395e-07 0.000000e+00
73 72 6.584091e-03 5.229930e-03 0 0 0 0 6.635470e-07 0.000000e+00
73 73 6.584091e-03 6.584091e-03 0 0 0 0 6.395923e-07 0.000000e+00
73 74 6.584091e-03 8.288880e-03 0 0 0 0 5.925021e-07 0.000000e+00
73 75 6.584091e-03 1.043508e-02 0 0 0 0 5.281078e-07 0.000000e+00
73 76 6.584091e-03 1.313699e-02 0 0 0 0 4.517932e-07 0.000000e+00
73 77 6.584091e-03 1.653849e-02 0 0 0 0 3.686469e-07 0.000000e+00
73 78 6.584091e-03 2.082073e-02 0 0 0 0 2.849753e-07 0.000000e+00
73 79 6.584091e-03 2.621174e-02 0 0 0 0 2.072146e-07 0.000000e+00
74 60 8.288880e-03 3.299863e-04 0 0 0 0 6.233028e-07 0.000000e+00
74 61 8.288880e-03 4.154281e-04 0 0 0 0 6.232645e-07 0.000000e+00
74 62 8.288880e-03 5.229930e-04 0 0 0 0 6.232038e-07 0.000000e+00
74 63 8.288880e-03 6.584091e-04 0 0 0 0 6.231074e-07 0.000000e+00
74 64 8.288880e-03 8.288880e-04 0 0 0 0 6.229545e-07 0.000000e+00
74 65 8.288880e-03 1.043508e-03 0 0 0 0 6.227114e-07 0.000000e+00
74 66 8.288880e-03 1.313699e-03 0 0 0 0 6.223247e-07 0.000000e+00
74 67 8.288880e-03 1.653849e-03 0 0 0 0 6.217077e-07 0.000000e+00
74 68 8.288880e-03 2.082073e-03 0 0 0 0 6.207198e-07 0.000000e+00
74 69 8.288880e-03 2.621174e-03 0 0 0 0 6.191286e-07 0.000000e+00
74 70 8.288880e-03 3.299863e-03 0 0 0 0 6.165416e-07 0.000000e+00
74 71 8.288880e-03 4.154281e-03 0 0 0 0 6.122740e-07 0.000000e+00
74 72 8.288880e-03 5.229930e-03 0 0 0 0 6.050743e-07 0.000000e+00
74 73 8.288880e-03 6.584091e-03 0 0 0 0 5.925021e-07 0.000000e+00
74 74 8.288880e-03 8.288880e-03 0 0 0 0 5.673893e-07 0.000000e+00
74 75 8.288880e-03 1.043508e-02 0 0 0 0 5.168087e-07 0.000000e+00
74 76 8.288880e-03 1.313699e-02 0 0 0 0 4.479318e-07 0.000000e+00
74 77 8.288880e-03 1.653849e-02 0 0 0 0 3.688304e-07 0.000000e+00
74 78 8.288880e-03 2.082073e-02 0 0 0 0 2.868211e-07 0.000000e+00
74 79 8.288880e-03 2.621174e-02 0 0 0 0 2.092283e-07 0.000000e+00
75 60 1.043508e-02 3.299863e-04 0 0 0 0 5.426498e-07 0.000000e+00
75 61 1.043508e-02 4.154281e-04 0 0 0 0 5.426323e-07 0.000000e+00
75 62 1.043508e-02 5.229930e-04 0 0 0 0 5.426045e-07 0.000000e+00
75 63 1.043508e-02 6.584091e-04 0 0 0 0 5.425605e-07 0.000000e+00
75 64 1.043508e-02 8.288880e-04 0 0 0 0 5.424906e-07 0.000000e+00
75 65 1.043508e-02 1.043508e-03 0 0 0 0 5.423795e-07 0.000000e+00
75 66 1.043508e-02 1.313699e-03 0 0 0 0 5.422025e-07 0.000000e+00
75 67 1.043508e-02 1.653849e-03 0 0 0 0 5.419197e-07 0.000000e+00
75 68 1.043508e-02 2.082073e-03 0 0 0 0 5.414658e-07 0.000000e+00
75 69 1.043508e-02 2.621174e-03 0 0 0 0 5.407322e-07 0.000000e+00
75 70 1.043508e-02 3.299863e-03 0 0 0 0 5.395330e-07 0.000000e+00
75 71 1.043508e-02 4.154281e-03 0 0 0 0 5.375393e-07 0.000000e+00
75 72 1.043508e-02 5.229930e-03 0 0 0 0 5.341377e-07 0.000000e+00
75 73 1.043508e-02 6.584091e-03 0 0 0 0 5.281078e-07 0.000000e+00
75 74 1.043508e-02 8.288880e-03 0 0 0 0 5.168087e-07 0.000000e+00
75 75 1.043508e-02 1.043508e-02 0 0 0 0 4.920114e-07 0.000000e+00
75 76 1.043508e-02 1.313699e-02 0 0 0 0 4.393648e-07 0.000000e+00
75 77 1.043508e-02 1.653849e-02 0 0 0 0 3.680345e-07 0.000000e+00
75 78 1.043508e-02 2.082073e-02 0 0 0 0 2.893153e-07 0.000000e+00
75 79 1.043508e-02 2.621174e-02 0 0 0 0 2.122799e-07 0.000000e+00
76 60 1.313699e-02 3.299863e-04 0 0 0 0 4.560062e-07 0.000000e+00
76 61 1.313699e-02 4.154281e-04 0 0 0 0 4.560020e-07 0.000000e+00
76 62 1.313699e-02 5.229930e-04 0 0 0 0 4.559953e-07 0.000000e+00
76 63 1.313699e-02 6.584091e-04 0 0 0 0 4.559847e-07 0.000000e+00
76 64 1.313699e-02 8.288880e-04 0 0 0 0 4.559679e-07 0.000000e+00
76 65 1.313699e-02 1.043508e-03 0 0 0 0 4.559409e-07 0.000000e+00
76 66 1.313699e-02 1.313699e-03 0 0 0 0 4.558978e-07 0.000000e+00
76 67 1.313699e-02 1.653849e-03 0 0 0 0 4.558284e-07 0.000000e+00
76 68 1.313699e-02 2.082073e-03 0 0 0 0 4.557153e-07 0.000000e+00
76 69 1.313699e-02 2.621174e-03 0 0 0 0 4.555289e-07 0.000000e+00
76 70 1.313699e-02 3.299863e-03 0 0 0 0 4.552147e-07 0.000000e+00
76 71 1.313699e-02 4.154281e-03 0 0 0 0 4.546690e-07 0.000000e+00
76 72 1.313699e-02 5.229930e-03 0 0 0 0 4.536813e-07 0.000000e+00
76 73 1.313699e-02 6.584091e-03 0 0 0 0 4.517932e-07 0.000000e+00
76 74 1.313699e-02 8.288880e-03 0 0 0 0 4.479318e-07 0.000000e+00
76 75 1.313699e-02 1.043508e-02 0 0 0 0 4.393648e-07 0.000000e+00
76 76 1.313699e-02 1.313699e-02 0 0 0 0 4.166322e-07 0.000000e+00
76 77 1.313699e-02 1.653849e-02 0 0 0 0 3.635741e-07 0.000000e+00
76 78 1.313699e-02 2.082073e-02 0 0 0 0 2.920320e-07 0.000000e+00
76 79 1.313699e-02 2.621174e-02 0 0 0 0 2.167285e-07 0.000000e+00
77 60 1.653849e-02 3.299863e-04 0 0 0 0 3.672579e-07 0.000000e+00
77 61 1.653849e-02 4.154281e-04 0 0 0 0 3.672608e-07 0.000000e+00
77 62 1.653849e-02 5.229930e-04 0 0 0 0 3.672655e-07 0.000000e+00
77 63 1.653849e-02 6.584091e-04 0 0 0 0 3.672729e-07 0.000000e+00
77 64 1.653849e-02 8.288880e-04 0 0 0 0 3.672847e-07 0.000000e+00
77 65 1.653849e-02 1.043508e-03 0 0 0 0 3.673032e-07 0.000000e+00
77 66 1.653849e-02 1.313699e-03 0 0 0 0 3.673323e-07 0.000000e+00
77 67 1.653849e-02 1.653849e-03 0 0 0 0 3.673780e-07 0.000000e+00
77 68 1.653849e-02 2.082073e-03 0 0 0 0 3.674490e-07 0.000000e+00
77 69 1.653849e-02 2.621174e-03 0 0 0 0 3.675582e-07 0.000000e+00
77 70 1.653849e-02 3.299863e-03 0 0 0 0 3.677226e-07 0.000000e+00
77 71 1.653849e-02 4.154281e-03 0 0 0 0 3.679614e-07 0.000000e+00
77 72 1.653849e-02 5.229930e-03 0 0 0 0 3.682835e-07 0.000000e+00
77 73 1.653849e-02 6.584091e-03 0 0 0 0 3.686469e-07 0.000000e+00
77 74 1.653849e-02 8.288880e-03 0 0 0 0 3.688304e-07 0.000000e+00
77 75 1.653849e-02 1.043508e-02 0 0 0 0 3.680345e-07 0.000000e+00
77 76 1.653849e-02 1.313699e-02 0 0 0 0 3.635741e-07 0.000000e+00
77 77 1.653849e-02 1.653849e-02 0 0 0 0 3.445599e-07 0.000000e+00
77 78 1.653849e-02 2.082073e-02 0 0 0 0 2.924889e-07 0.000000e+00
77 79 1.653849e-02 2.621174e-02 0 0 0 0 2.226116e-07 0.000000e+00
78 60 2.082073e-02 3.299863e-04 0 0 0 0 2.813932e-07 0.000000e+00
78 61 2.082073e-02 4.154281e-04 0 0 0 0 2.813988e-07 0.000000e+00
78 62 2.082073e-02 5.229930e-04 0 0 0 0 2.814078e-07 0.000000e+00
78 63 2.082073e-02 6.584091e-04 0 0 0 0 2.814220e-07 0.000000e+00
78 64 2.082073e-02 8.288880e-04 0 0 0 0 2.814444e-07 0.000000e+00
78 65 2.082073e-02 1.043508e-03 0 0 0 0 2.814800e-07 0.000000e+00
78 66 2.082073e-02 1.313699e-03 0 0 0 0 2.815363e-07 0.000000e+00
78 67 2.082073e-02 1.653849e-03 0 0 0 0 2.816253e-07 0.000000e+00
78 68 2.082073e-02 2.082073e-03 0 0 0 0 2.817658e-07 0.000000e+00
78 69 2.082073e-02 2.621174e-03 0 0 0 0 2.819872e-07 0.000000e+00
78 70 2.082073e-02 3.299863e-03 0 0 0 0 2.823344e-07 0.000000e+00
78 71 2.082073e-02 4.154281e-03 0 0 0 0 2.828759e-07 0.000000e+00
78 72 2.082073e-02 5.229930e-03 0 0 0 0 2.837111e-07 0.000000e+00
78 73 2.082073e-02 6.584091e-03 0 0 0 0 2.849753e-07 0.000000e+00
78 74 2.082073e-02 8.288880e-03 0 0 0 0 2.868211e-07 0.000000e+00
78 75 2.082073e-02 1.043508e-02 0 0 0 0 2.893153e-07 0.000000e+00
78 76 2.082073e-02 1.313699e-02 0 0 0 0 2.920320e-07 0.000000e+00
78 77 2.082073e-02 1.653849e-02 0 0 0 0 2.924889e-07 0.000000e+00
78 78 2.082073e-02 2.082073e-02 0 0 0 0 2.782251e-07 0.000000e+00
78 79 2.082073e-02 2.621174e-02 0 0 0 0 2.279305e-07 0.000000e+00
79 60 2.621174e-02 3.299863e-04 0 0 0 0 2.036329e-07 0.000000e+00
79 61 2.621174e-02 4.154281e-04 0 0 0 0 2.036383e-07 0.000000e+00
79 62 2.621174e-02 5.229930e-04 0 0 0 0 2.036469e-07 0.000000e+00
79 63 2.621174e-02 6.584091e-04 0 0 0 0 2.036604e-07 0.000000e+00
79 64 2.621174e-02 8.288880e-04 0 0 0 0 2.036820e-07 0.000000e+00
79 65 2.621174e-02 1.043508e-03 0 0 0 0 2.037161e-07 0.000000e+00
79 66 2.621174e-02 1.313699e-03 0 0 0 0 2.037701e-07 0.000000e+00
79 67 2.621174e-02 1.653849e-03 0 0 0 0 2.038556e-07 0.000000e+00
79 68 2.621174e-02 2.082073e-03 0 0 0 0 2.039909e-07 0.000000e+00
79 69 2.621174e-02 2.621174e-03 0 0 0 0 2.042049e-07 0.000000e+00
79 70 2.621174e-02 3.299863e-03 0 0 0 0 2.045428e-07 0.000000e+00
79 71 2.621174e-02 4.154281e-03 0 0 0 0 2.050751e-07 0.000000e+00
79 72 2.621174e-02 5.229930e-03 0 0 0 0 2.059107e-07 0.000000e+00
79 73 2.621174e-02 6.584091e-03 0 0 0 0 2.072146e-07 0.000000e+00
79 74 2.621174e-02 8.288880e-03 0 0 0 0 2.092283e-07 0.000000e+00
79 75 2.621174e-02 1.043508e-02 0 0 0 0 2.122799e-07 0.000000e+00
79 76 2.621174e-02 1.313699e-02 0 0 0 0 2.167285e-07 0.000000e+00
79 77 2.621174e-02 1.653849e-02 0 0 0 0 2.226116e-07 0.000000e+00
79 78 2.621174e-02 2.082073e-02 0 0 0 0 2.279305e-07 0.000000e+00
79 79 2.621174e-02 2.621174e-02 0 0 0 0 2.188327e-07 0.000000e+00
