# Please cite the following papers in research using this covariance:
# arXiv: 1601.05779, https://arxiv.org/abs/1601.05779
# arXiv: 1911.11947, https://arxiv.org/abs/1911.11947
# arXiv: 2004.04833, https://arxiv.org/abs/2004.04833
########################################################
20 20 3.299863e-04 3.299863e-04 0 0 0 0 3.521520e-11 0.000000e+00
20 21 3.299863e-04 4.154281e-04 0 0 0 0 4.154933e-13 0.000000e+00
20 22 3.299863e-04 5.229930e-04 0 0 0 0 1.702353e-13 0.000000e+00
20 23 3.299863e-04 6.584091e-04 0 0 0 0 6.698421e-14 0.000000e+00
20 24 3.299863e-04 8.288880e-04 0 0 0 0 2.602412e-14 0.000000e+00
20 25 3.299863e-04 1.043508e-03 0 0 0 0 9.966144e-15 0.000000e+00
20 26 3.299863e-04 1.313699e-03 0 0 0 0 3.710567e-15 0.000000e+00
20 27 3.299863e-04 1.653849e-03 0 0 0 0 1.473218e-15 0.000000e+00
20 28 3.299863e-04 2.082073e-03 0 0 0 0 5.859683e-16 0.000000e+00
20 29 3.299863e-04 2.621174e-03 0 0 0 0 2.297557e-16 0.000000e+00
20 30 3.299863e-04 3.299863e-03 0 0 0 0 8.460991e-17 0.000000e+00
20 31 3.299863e-04 4.154281e-03 0 0 0 0 2.841366e-17 0.000000e+00
20 32 3.299863e-04 5.229930e-03 0 0 0 0 1.512309e-17 0.000000e+00
20 33 3.299863e-04 6.584091e-03 0 0 0 0 7.943686e-18 0.000000e+00
20 34 3.299863e-04 8.288880e-03 0 0 0 0 1.501832e-18 0.000000e+00
20 35 3.299863e-04 1.043508e-02 0 0 0 0 9.817479e-20 0.000000e+00
20 36 3.299863e-04 1.313699e-02 0 0 0 0 -1.172915e-18 0.000000e+00
20 37 3.299863e-04 1.653849e-02 0 0 0 0 -3.825432e-18 0.000000e+00
20 38 3.299863e-04 2.082073e-02 0 0 0 0 -8.274332e-18 0.000000e+00
20 39 3.299863e-04 2.621174e-02 0 0 0 0 -1.718460e-17 0.000000e+00
21 20 4.154281e-04 3.299863e-04 0 0 0 0 4.154933e-13 0.000000e+00
21 21 4.154281e-04 4.154281e-04 0 0 0 0 2.249390e-11 0.000000e+00
21 22 4.154281e-04 5.229930e-04 0 0 0 0 4.205591e-13 0.000000e+00
21 23 4.154281e-04 6.584091e-04 0 0 0 0 1.684995e-13 0.000000e+00
21 24 4.154281e-04 8.288880e-04 0 0 0 0 6.508563e-14 0.000000e+00
21 25 4.154281e-04 1.043508e-03 0 0 0 0 2.506725e-14 0.000000e+00
21 26 4.154281e-04 1.313699e-03 0 0 0 0 9.621970e-15 0.000000e+00
21 27 4.154281e-04 1.653849e-03 0 0 0 0 3.697347e-15 0.000000e+00
21 28 4.154281e-04 2.082073e-03 0 0 0 0 1.424478e-15 0.000000e+00
21 29 4.154281e-04 2.621174e-03 0 0 0 0 5.528254e-16 0.000000e+00
21 30 4.154281e-04 3.299863e-03 0 0 0 0 2.158637e-16 0.000000e+00
21 31 4.154281e-04 4.154281e-03 0 0 0 0 8.561941e-17 0.000000e+00
21 32 4.154281e-04 5.229930e-03 0 0 0 0 3.336741e-17 0.000000e+00
21 33 4.154281e-04 6.584091e-03 0 0 0 0 1.650538e-17 0.000000e+00
21 34 4.154281e-04 8.288880e-03 0 0 0 0 4.919095e-18 0.000000e+00
21 35 4.154281e-04 1.043508e-02 0 0 0 0 1.649168e-18 0.000000e+00
21 36 4.154281e-04 1.313699e-02 0 0 0 0 1.191385e-18 0.000000e+00
21 37 4.154281e-04 1.653849e-02 0 0 0 0 -1.217142e-19 0.000000e+00
21 38 4.154281e-04 2.082073e-02 0 0 0 0 -2.972958e-19 0.000000e+00
21 39 4.154281e-04 2.621174e-02 0 0 0 0 1.825388e-19 0.000000e+00
22 20 5.229930e-04 3.299863e-04 0 0 0 0 1.702353e-13 0.000000e+00
22 21 5.229930e-04 4.154281e-04 0 0 0 0 4.205591e-13 0.000000e+00
22 22 5.229930e-04 5.229930e-04 0 0 0 0 1.446670e-11 0.000000e+00
22 23 5.229930e-04 6.584091e-04 0 0 0 0 4.207646e-13 0.000000e+00
22 24 5.229930e-04 8.288880e-04 0 0 0 0 1.650062e-13 0.000000e+00
22 25 5.229930e-04 1.043508e-03 0 0 0 0 6.334016e-14 0.000000e+00
22 26 5.229930e-04 1.313699e-03 0 0 0 0 2.426140e-14 0.000000e+00
22 27 5.229930e-04 1.653849e-03 0 0 0 0 9.309530e-15 0.000000e+00
22 28 5.229930e-04 2.082073e-03 0 0 0 0 3.587680e-15 0.000000e+00
22 29 5.229930e-04 2.621174e-03 0 0 0 0 1.389425e-15 0.000000e+00
22 30 5.229930e-04 3.299863e-03 0 0 0 0 5.425682e-16 0.000000e+00
22 31 5.229930e-04 4.154281e-03 0 0 0 0 2.149381e-16 0.000000e+00
22 32 5.229930e-04 5.229930e-03 0 0 0 0 8.740008e-17 0.000000e+00
22 33 5.229930e-04 6.584091e-03 0 0 0 0 3.694953e-17 0.000000e+00
22 34 5.229930e-04 8.288880e-03 0 0 0 0 1.545474e-17 0.000000e+00
22 35 5.229930e-04 1.043508e-02 0 0 0 0 6.200644e-18 0.000000e+00
22 36 5.229930e-04 1.313699e-02 0 0 0 0 4.995046e-18 0.000000e+00
22 37 5.229930e-04 1.653849e-02 0 0 0 0 2.190371e-18 0.000000e+00
22 38 5.229930e-04 2.082073e-02 0 0 0 0 2.174609e-18 0.000000e+00
22 39 5.229930e-04 2.621174e-02 0 0 0 0 3.613501e-18 0.000000e+00
23 20 6.584091e-04 3.299863e-04 0 0 0 0 6.698421e-14 0.000000e+00
23 21 6.584091e-04 4.154281e-04 0 0 0 0 1.684995e-13 0.000000e+00
23 22 6.584091e-04 5.229930e-04 0 0 0 0 4.207646e-13 0.000000e+00
23 23 6.584091e-04 6.584091e-04 0 0 0 0 9.399627e-12 0.000000e+00
23 24 6.584091e-04 8.288880e-04 0 0 0 0 4.169307e-13 0.000000e+00
23 25 6.584091e-04 1.043508e-03 0 0 0 0 1.608293e-13 0.000000e+00
23 26 6.584091e-04 1.313699e-03 0 0 0 0 6.132910e-14 0.000000e+00
23 27 6.584091e-04 1.653849e-03 0 0 0 0 2.348597e-14 0.000000e+00
23 28 6.584091e-04 2.082073e-03 0 0 0 0 9.039990e-15 0.000000e+00
23 29 6.584091e-04 2.621174e-03 0 0 0 0 3.496255e-15 0.000000e+00
23 30 6.584091e-04 3.299863e-03 0 0 0 0 1.363664e-15 0.000000e+00
23 31 6.584091e-04 4.154281e-03 0 0 0 0 5.388493e-16 0.000000e+00
23 32 6.584091e-04 5.229930e-03 0 0 0 0 2.189416e-16 0.000000e+00
23 33 6.584091e-04 6.584091e-03 0 0 0 0 9.038588e-17 0.000000e+00
23 34 6.584091e-04 8.288880e-03 0 0 0 0 3.972467e-17 0.000000e+00
23 35 6.584091e-04 1.043508e-02 0 0 0 0 1.616673e-17 0.000000e+00
23 36 6.584091e-04 1.313699e-02 0 0 0 0 1.004339e-17 0.000000e+00
23 37 6.584091e-04 1.653849e-02 0 0 0 0 3.213452e-18 0.000000e+00
23 38 6.584091e-04 2.082073e-02 0 0 0 0 1.283862e-18 0.000000e+00
23 39 6.584091e-04 2.621174e-02 0 0 0 0 5.846447e-19 0.000000e+00
24 20 8.288880e-04 3.299863e-04 0 0 0 0 2.602412e-14 0.000000e+00
24 21 8.288880e-04 4.154281e-04 0 0 0 0 6.508563e-14 0.000000e+00
24 22 8.288880e-04 5.229930e-04 0 0 0 0 1.650062e-13 0.000000e+00
24 23 8.288880e-04 6.584091e-04 0 0 0 0 4.169307e-13 0.000000e+00
24 24 8.288880e-04 8.288880e-04 0 0 0 0 6.198768e-12 0.000000e+00
24 25 8.288880e-04 1.043508e-03 0 0 0 0 4.096635e-13 0.000000e+00
24 26 8.288880e-04 1.313699e-03 0 0 0 0 1.561441e-13 0.000000e+00
24 27 8.288880e-04 1.653849e-03 0 0 0 0 5.941888e-14 0.000000e+00
24 28 8.288880e-04 2.082073e-03 0 0 0 0 2.278120e-14 0.000000e+00
24 29 8.288880e-04 2.621174e-03 0 0 0 0 8.795827e-15 0.000000e+00
24 30 8.288880e-04 3.299863e-03 0 0 0 0 3.428844e-15 0.000000e+00
24 31 8.288880e-04 4.154281e-03 0 0 0 0 1.356152e-15 0.000000e+00
24 32 8.288880e-04 5.229930e-03 0 0 0 0 5.464133e-16 0.000000e+00
24 33 8.288880e-04 6.584091e-03 0 0 0 0 2.287604e-16 0.000000e+00
24 34 8.288880e-04 8.288880e-03 0 0 0 0 9.907782e-17 0.000000e+00
24 35 8.288880e-04 1.043508e-02 0 0 0 0 4.390687e-17 0.000000e+00
24 36 8.288880e-04 1.313699e-02 0 0 0 0 2.266061e-17 0.000000e+00
24 37 8.288880e-04 1.653849e-02 0 0 0 0 9.156177e-18 0.000000e+00
24 38 8.288880e-04 2.082073e-02 0 0 0 0 4.331023e-18 0.000000e+00
24 39 8.288880e-04 2.621174e-02 0 0 0 0 2.596825e-18 0.000000e+00
25 20 1.043508e-03 3.299863e-04 0 0 0 0 9.966144e-15 0.000000e+00
25 21 1.043508e-03 4.154281e-04 0 0 0 0 2.506725e-14 0.000000e+00
25 22 1.043508e-03 5.229930e-04 0 0 0 0 6.334016e-14 0.000000e+00
25 23 1.043508e-03 6.584091e-04 0 0 0 0 1.608293e-13 0.000000e+00
25 24 1.043508e-03 8.288880e-04 0 0 0 0 4.096635e-13 0.000000e+00
25 25 1.043508e-03 1.043508e-03 0 0 0 0 4.173478e-12 0.000000e+00
25 26 1.043508e-03 1.313699e-03 0 0 0 0 4.003520e-13 0.000000e+00
25 27 1.043508e-03 1.653849e-03 0 0 0 0 1.512746e-13 0.000000e+00
25 28 1.043508e-03 2.082073e-03 0 0 0 0 5.763590e-14 0.000000e+00
25 29 1.043508e-03 2.621174e-03 0 0 0 0 2.218220e-14 0.000000e+00
25 30 1.043508e-03 3.299863e-03 0 0 0 0 8.625945e-15 0.000000e+00
25 31 1.043508e-03 4.154281e-03 0 0 0 0 3.405411e-15 0.000000e+00
25 32 1.043508e-03 5.229930e-03 0 0 0 0 1.375986e-15 0.000000e+00
25 33 1.043508e-03 6.584091e-03 0 0 0 0 5.741213e-16 0.000000e+00
25 34 1.043508e-03 8.288880e-03 0 0 0 0 2.484063e-16 0.000000e+00
25 35 1.043508e-03 1.043508e-02 0 0 0 0 1.126913e-16 0.000000e+00
25 36 1.043508e-03 1.313699e-02 0 0 0 0 5.249400e-17 0.000000e+00
25 37 1.043508e-03 1.653849e-02 0 0 0 0 2.437882e-17 0.000000e+00
25 38 1.043508e-03 2.082073e-02 0 0 0 0 1.092935e-17 0.000000e+00
25 39 1.043508e-03 2.621174e-02 0 0 0 0 6.437786e-18 0.000000e+00
26 20 1.313699e-03 3.299863e-04 0 0 0 0 3.710567e-15 0.000000e+00
26 21 1.313699e-03 4.154281e-04 0 0 0 0 9.621970e-15 0.000000e+00
26 22 1.313699e-03 5.229930e-04 0 0 0 0 2.426140e-14 0.000000e+00
26 23 1.313699e-03 6.584091e-04 0 0 0 0 6.132910e-14 0.000000e+00
26 24 1.313699e-03 8.288880e-04 0 0 0 0 1.561441e-13 0.000000e+00
26 25 1.313699e-03 1.043508e-03 0 0 0 0 4.003520e-13 0.000000e+00
26 26 1.313699e-03 1.313699e-03 0 0 0 0 2.888878e-12 0.000000e+00
26 27 1.313699e-03 1.653849e-03 0 0 0 0 3.898180e-13 0.000000e+00
26 28 1.313699e-03 2.082073e-03 0 0 0 0 1.466944e-13 0.000000e+00
26 29 1.313699e-03 2.621174e-03 0 0 0 0 5.607730e-14 0.000000e+00
26 30 1.313699e-03 3.299863e-03 0 0 0 0 2.173051e-14 0.000000e+00
26 31 1.313699e-03 4.154281e-03 0 0 0 0 8.560571e-15 0.000000e+00
26 32 1.313699e-03 5.229930e-03 0 0 0 0 3.453660e-15 0.000000e+00
26 33 1.313699e-03 6.584091e-03 0 0 0 0 1.440773e-15 0.000000e+00
26 34 1.313699e-03 8.288880e-03 0 0 0 0 6.242974e-16 0.000000e+00
26 35 1.313699e-03 1.043508e-02 0 0 0 0 2.812816e-16 0.000000e+00
26 36 1.313699e-03 1.313699e-02 0 0 0 0 1.301928e-16 0.000000e+00
26 37 1.313699e-03 1.653849e-02 0 0 0 0 6.241909e-17 0.000000e+00
26 38 1.313699e-03 2.082073e-02 0 0 0 0 2.864700e-17 0.000000e+00
26 39 1.313699e-03 2.621174e-02 0 0 0 0 1.560321e-17 0.000000e+00
27 20 1.653849e-03 3.299863e-04 0 0 0 0 1.473218e-15 0.000000e+00
27 21 1.653849e-03 4.154281e-04 0 0 0 0 3.697347e-15 0.000000e+00
27 22 1.653849e-03 5.229930e-04 0 0 0 0 9.309530e-15 0.000000e+00
27 23 1.653849e-03 6.584091e-04 0 0 0 0 2.348597e-14 0.000000e+00
27 24 1.653849e-03 8.288880e-04 0 0 0 0 5.941888e-14 0.000000e+00
27 25 1.653849e-03 1.043508e-03 0 0 0 0 1.512746e-13 0.000000e+00
27 26 1.653849e-03 1.313699e-03 0 0 0 0 3.898180e-13 0.000000e+00
27 27 1.653849e-03 1.653849e-03 0 0 0 0 2.071416e-12 0.000000e+00
27 28 1.653849e-03 2.082073e-03 0 0 0 0 3.789438e-13 0.000000e+00
27 29 1.653849e-03 2.621174e-03 0 0 0 0 1.426029e-13 0.000000e+00
27 30 1.653849e-03 3.299863e-03 0 0 0 0 5.487368e-14 0.000000e+00
27 31 1.653849e-03 4.154281e-03 0 0 0 0 2.153734e-14 0.000000e+00
27 32 1.653849e-03 5.229930e-03 0 0 0 0 8.671219e-15 0.000000e+00
27 33 1.653849e-03 6.584091e-03 0 0 0 0 3.611927e-15 0.000000e+00
27 34 1.653849e-03 8.288880e-03 0 0 0 0 1.563346e-15 0.000000e+00
27 35 1.653849e-03 1.043508e-02 0 0 0 0 7.041505e-16 0.000000e+00
27 36 1.653849e-03 1.313699e-02 0 0 0 0 3.279952e-16 0.000000e+00
27 37 1.653849e-03 1.653849e-02 0 0 0 0 1.559149e-16 0.000000e+00
27 38 1.653849e-03 2.082073e-02 0 0 0 0 7.424468e-17 0.000000e+00
27 39 1.653849e-03 2.621174e-02 0 0 0 0 3.695685e-17 0.000000e+00
28 20 2.082073e-03 3.299863e-04 0 0 0 0 5.859683e-16 0.000000e+00
28 21 2.082073e-03 4.154281e-04 0 0 0 0 1.424478e-15 0.000000e+00
28 22 2.082073e-03 5.229930e-04 0 0 0 0 3.587680e-15 0.000000e+00
28 23 2.082073e-03 6.584091e-04 0 0 0 0 9.039990e-15 0.000000e+00
28 24 2.082073e-03 8.288880e-04 0 0 0 0 2.278120e-14 0.000000e+00
28 25 2.082073e-03 1.043508e-03 0 0 0 0 5.763590e-14 0.000000e+00
28 26 2.082073e-03 1.313699e-03 0 0 0 0 1.466944e-13 0.000000e+00
28 27 2.082073e-03 1.653849e-03 0 0 0 0 3.789438e-13 0.000000e+00
28 28 2.082073e-03 2.082073e-03 0 0 0 0 1.548802e-12 0.000000e+00
28 29 2.082073e-03 2.621174e-03 0 0 0 0 3.685466e-13 0.000000e+00
28 30 2.082073e-03 3.299863e-03 0 0 0 0 1.393149e-13 0.000000e+00
28 31 2.082073e-03 4.154281e-03 0 0 0 0 5.427551e-14 0.000000e+00
28 32 2.082073e-03 5.229930e-03 0 0 0 0 2.176608e-14 0.000000e+00
28 33 2.082073e-03 6.584091e-03 0 0 0 0 9.047162e-15 0.000000e+00
28 34 2.082073e-03 8.288880e-03 0 0 0 0 3.915734e-15 0.000000e+00
28 35 2.082073e-03 1.043508e-02 0 0 0 0 1.764432e-15 0.000000e+00
28 36 2.082073e-03 1.313699e-02 0 0 0 0 8.217722e-16 0.000000e+00
28 37 2.082073e-03 1.653849e-02 0 0 0 0 3.908515e-16 0.000000e+00
28 38 2.082073e-03 2.082073e-02 0 0 0 0 1.881990e-16 0.000000e+00
28 39 2.082073e-03 2.621174e-02 0 0 0 0 8.963045e-17 0.000000e+00
29 20 2.621174e-03 3.299863e-04 0 0 0 0 2.297557e-16 0.000000e+00
29 21 2.621174e-03 4.154281e-04 0 0 0 0 5.528254e-16 0.000000e+00
29 22 2.621174e-03 5.229930e-04 0 0 0 0 1.389425e-15 0.000000e+00
29 23 2.621174e-03 6.584091e-04 0 0 0 0 3.496255e-15 0.000000e+00
29 24 2.621174e-03 8.288880e-04 0 0 0 0 8.795827e-15 0.000000e+00
29 25 2.621174e-03 1.043508e-03 0 0 0 0 2.218220e-14 0.000000e+00
29 26 2.621174e-03 1.313699e-03 0 0 0 0 5.607730e-14 0.000000e+00
29 27 2.621174e-03 1.653849e-03 0 0 0 0 1.426029e-13 0.000000e+00
29 28 2.621174e-03 2.082073e-03 0 0 0 0 3.685466e-13 0.000000e+00
29 29 2.621174e-03 2.621174e-03 0 0 0 0 1.212934e-12 0.000000e+00
29 30 2.621174e-03 3.299863e-03 0 0 0 0 3.595008e-13 0.000000e+00
29 31 2.621174e-03 4.154281e-03 0 0 0 0 1.373635e-13 0.000000e+00
29 32 2.621174e-03 5.229930e-03 0 0 0 0 5.465708e-14 0.000000e+00
29 33 2.621174e-03 6.584091e-03 0 0 0 0 2.263356e-14 0.000000e+00
29 34 2.621174e-03 8.288880e-03 0 0 0 0 9.784791e-15 0.000000e+00
29 35 2.621174e-03 1.043508e-02 0 0 0 0 4.409332e-15 0.000000e+00
29 36 2.621174e-03 1.313699e-02 0 0 0 0 2.056396e-15 0.000000e+00
29 37 2.621174e-03 1.653849e-02 0 0 0 0 9.799246e-16 0.000000e+00
29 38 2.621174e-03 2.082073e-02 0 0 0 0 4.707017e-16 0.000000e+00
29 39 2.621174e-03 2.621174e-02 0 0 0 0 2.237189e-16 0.000000e+00
30 20 3.299863e-03 3.299863e-04 0 0 0 0 8.460991e-17 0.000000e+00
30 21 3.299863e-03 4.154281e-04 0 0 0 0 2.158637e-16 0.000000e+00
30 22 3.299863e-03 5.229930e-04 0 0 0 0 5.425682e-16 0.000000e+00
30 23 3.299863e-03 6.584091e-04 0 0 0 0 1.363664e-15 0.000000e+00
30 24 3.299863e-03 8.288880e-04 0 0 0 0 3.428844e-15 0.000000e+00
30 25 3.299863e-03 1.043508e-03 0 0 0 0 8.625945e-15 0.000000e+00
30 26 3.299863e-03 1.313699e-03 0 0 0 0 2.173051e-14 0.000000e+00
30 27 3.299863e-03 1.653849e-03 0 0 0 0 5.487368e-14 0.000000e+00
30 28 3.299863e-03 2.082073e-03 0 0 0 0 1.393149e-13 0.000000e+00
30 29 3.299863e-03 2.621174e-03 0 0 0 0 3.595008e-13 0.000000e+00
30 30 3.299863e-03 3.299863e-03 0 0 0 0 9.963324e-13 0.000000e+00
30 31 3.299863e-03 4.154281e-03 0 0 0 0 3.529782e-13 0.000000e+00
30 32 3.299863e-03 5.229930e-03 0 0 0 0 1.375714e-13 0.000000e+00
30 33 3.299863e-03 6.584091e-03 0 0 0 0 5.653041e-14 0.000000e+00
30 34 3.299863e-03 8.288880e-03 0 0 0 0 2.437989e-14 0.000000e+00
30 35 3.299863e-03 1.043508e-02 0 0 0 0 1.099054e-14 0.000000e+00
30 36 3.299863e-03 1.313699e-02 0 0 0 0 5.132720e-15 0.000000e+00
30 37 3.299863e-03 1.653849e-02 0 0 0 0 2.449316e-15 0.000000e+00
30 38 3.299863e-03 2.082073e-02 0 0 0 0 1.178076e-15 0.000000e+00
30 39 3.299863e-03 2.621174e-02 0 0 0 0 5.620357e-16 0.000000e+00
31 20 4.154281e-03 3.299863e-04 0 0 0 0 2.841366e-17 0.000000e+00
31 21 4.154281e-03 4.154281e-04 0 0 0 0 8.561941e-17 0.000000e+00
31 22 4.154281e-03 5.229930e-04 0 0 0 0 2.149381e-16 0.000000e+00
31 23 4.154281e-03 6.584091e-04 0 0 0 0 5.388493e-16 0.000000e+00
31 24 4.154281e-03 8.288880e-04 0 0 0 0 1.356152e-15 0.000000e+00
31 25 4.154281e-03 1.043508e-03 0 0 0 0 3.405411e-15 0.000000e+00
31 26 4.154281e-03 1.313699e-03 0 0 0 0 8.560571e-15 0.000000e+00
31 27 4.154281e-03 1.653849e-03 0 0 0 0 2.153734e-14 0.000000e+00
31 28 4.154281e-03 2.082073e-03 0 0 0 0 5.427551e-14 0.000000e+00
31 29 4.154281e-03 2.621174e-03 0 0 0 0 1.373635e-13 0.000000e+00
31 30 4.154281e-03 3.299863e-03 0 0 0 0 3.529782e-13 0.000000e+00
31 31 4.154281e-03 4.154281e-03 0 0 0 0 8.574520e-13 0.000000e+00
31 32 4.154281e-03 5.229930e-03 0 0 0 0 3.506556e-13 0.000000e+00
31 33 4.154281e-03 6.584091e-03 0 0 0 0 1.410734e-13 0.000000e+00
31 34 4.154281e-03 8.288880e-03 0 0 0 0 6.048464e-14 0.000000e+00
31 35 4.154281e-03 1.043508e-02 0 0 0 0 2.726702e-14 0.000000e+00
31 36 4.154281e-03 1.313699e-02 0 0 0 0 1.276363e-14 0.000000e+00
31 37 4.154281e-03 1.653849e-02 0 0 0 0 6.109711e-15 0.000000e+00
31 38 4.154281e-03 2.082073e-02 0 0 0 0 2.945826e-15 0.000000e+00
31 39 4.154281e-03 2.621174e-02 0 0 0 0 1.407574e-15 0.000000e+00
32 20 5.229930e-03 3.299863e-04 0 0 0 0 1.512309e-17 0.000000e+00
32 21 5.229930e-03 4.154281e-04 0 0 0 0 3.336741e-17 0.000000e+00
32 22 5.229930e-03 5.229930e-04 0 0 0 0 8.740008e-17 0.000000e+00
32 23 5.229930e-03 6.584091e-04 0 0 0 0 2.189416e-16 0.000000e+00
32 24 5.229930e-03 8.288880e-04 0 0 0 0 5.464133e-16 0.000000e+00
32 25 5.229930e-03 1.043508e-03 0 0 0 0 1.375986e-15 0.000000e+00
32 26 5.229930e-03 1.313699e-03 0 0 0 0 3.453660e-15 0.000000e+00
32 27 5.229930e-03 1.653849e-03 0 0 0 0 8.671219e-15 0.000000e+00
32 28 5.229930e-03 2.082073e-03 0 0 0 0 2.176608e-14 0.000000e+00
32 29 5.229930e-03 2.621174e-03 0 0 0 0 5.465708e-14 0.000000e+00
32 30 5.229930e-03 3.299863e-03 0 0 0 0 1.375714e-13 0.000000e+00
32 31 5.229930e-03 4.154281e-03 0 0 0 0 3.506556e-13 0.000000e+00
32 32 5.229930e-03 5.229930e-03 0 0 0 0 7.714962e-13 0.000000e+00
32 33 5.229930e-03 6.584091e-03 0 0 0 0 3.547985e-13 0.000000e+00
32 34 5.229930e-03 8.288880e-03 0 0 0 0 1.492462e-13 0.000000e+00
32 35 5.229930e-03 1.043508e-02 0 0 0 0 6.716069e-14 0.000000e+00
32 36 5.229930e-03 1.313699e-02 0 0 0 0 3.154655e-14 0.000000e+00
32 37 5.229930e-03 1.653849e-02 0 0 0 0 1.516991e-14 0.000000e+00
32 38 5.229930e-03 2.082073e-02 0 0 0 0 7.341919e-15 0.000000e+00
32 39 5.229930e-03 2.621174e-02 0 0 0 0 3.519376e-15 0.000000e+00
33 20 6.584091e-03 3.299863e-04 0 0 0 0 7.943686e-18 0.000000e+00
33 21 6.584091e-03 4.154281e-04 0 0 0 0 1.650538e-17 0.000000e+00
33 22 6.584091e-03 5.229930e-04 0 0 0 0 3.694953e-17 0.000000e+00
33 23 6.584091e-03 6.584091e-04 0 0 0 0 9.038588e-17 0.000000e+00
33 24 6.584091e-03 8.288880e-04 0 0 0 0 2.287604e-16 0.000000e+00
33 25 6.584091e-03 1.043508e-03 0 0 0 0 5.741213e-16 0.000000e+00
33 26 6.584091e-03 1.313699e-03 0 0 0 0 1.440773e-15 0.000000e+00
33 27 6.584091e-03 1.653849e-03 0 0 0 0 3.611927e-15 0.000000e+00
33 28 6.584091e-03 2.082073e-03 0 0 0 0 9.047162e-15 0.000000e+00
33 29 6.584091e-03 2.621174e-03 0 0 0 0 2.263356e-14 0.000000e+00
33 30 6.584091e-03 3.299863e-03 0 0 0 0 5.653041e-14 0.000000e+00
33 31 6.584091e-03 4.154281e-03 0 0 0 0 1.410734e-13 0.000000e+00
33 32 6.584091e-03 5.229930e-03 0 0 0 0 3.547985e-13 0.000000e+00
33 33 6.584091e-03 6.584091e-03 0 0 0 0 7.245995e-13 0.000000e+00
33 34 6.584091e-03 8.288880e-03 0 0 0 0 3.682555e-13 0.000000e+00
33 35 6.584091e-03 1.043508e-02 0 0 0 0 1.636243e-13 0.000000e+00
33 36 6.584091e-03 1.313699e-02 0 0 0 0 7.718597e-14 0.000000e+00
33 37 6.584091e-03 1.653849e-02 0 0 0 0 3.739119e-14 0.000000e+00
33 38 6.584091e-03 2.082073e-02 0 0 0 0 1.821386e-14 0.000000e+00
33 39 6.584091e-03 2.621174e-02 0 0 0 0 8.773430e-15 0.000000e+00
34 20 8.288880e-03 3.299863e-04 0 0 0 0 1.501832e-18 0.000000e+00
34 21 8.288880e-03 4.154281e-04 0 0 0 0 4.919095e-18 0.000000e+00
34 22 8.288880e-03 5.229930e-04 0 0 0 0 1.545474e-17 0.000000e+00
34 23 8.288880e-03 6.584091e-04 0 0 0 0 3.972467e-17 0.000000e+00
34 24 8.288880e-03 8.288880e-04 0 0 0 0 9.907782e-17 0.000000e+00
34 25 8.288880e-03 1.043508e-03 0 0 0 0 2.484063e-16 0.000000e+00
34 26 8.288880e-03 1.313699e-03 0 0 0 0 6.242974e-16 0.000000e+00
34 27 8.288880e-03 1.653849e-03 0 0 0 0 1.563346e-15 0.000000e+00
34 28 8.288880e-03 2.082073e-03 0 0 0 0 3.915734e-15 0.000000e+00
34 29 8.288880e-03 2.621174e-03 0 0 0 0 9.784791e-15 0.000000e+00
34 30 8.288880e-03 3.299863e-03 0 0 0 0 2.437989e-14 0.000000e+00
34 31 8.288880e-03 4.154281e-03 0 0 0 0 6.048464e-14 0.000000e+00
34 32 8.288880e-03 5.229930e-03 0 0 0 0 1.492462e-13 0.000000e+00
34 33 8.288880e-03 6.584091e-03 0 0 0 0 3.682555e-13 0.000000e+00
34 34 8.288880e-03 8.288880e-03 0 0 0 0 7.101134e-13 0.000000e+00
34 35 8.288880e-03 1.043508e-02 0 0 0 0 3.943352e-13 0.000000e+00
34 36 8.288880e-03 1.313699e-02 0 0 0 0 1.857416e-13 0.000000e+00
34 37 8.288880e-03 1.653849e-02 0 0 0 0 9.102610e-14 0.000000e+00
34 38 8.288880e-03 2.082073e-02 0 0 0 0 4.482397e-14 0.000000e+00
34 39 8.288880e-03 2.621174e-02 0 0 0 0 2.176772e-14 0.000000e+00
35 20 1.043508e-02 3.299863e-04 0 0 0 0 9.817479e-20 0.000000e+00
35 21 1.043508e-02 4.154281e-04 0 0 0 0 1.649168e-18 0.000000e+00
35 22 1.043508e-02 5.229930e-04 0 0 0 0 6.200644e-18 0.000000e+00
35 23 1.043508e-02 6.584091e-04 0 0 0 0 1.616673e-17 0.000000e+00
35 24 1.043508e-02 8.288880e-04 0 0 0 0 4.390687e-17 0.000000e+00
35 25 1.043508e-02 1.043508e-03 0 0 0 0 1.126913e-16 0.000000e+00
35 26 1.043508e-02 1.313699e-03 0 0 0 0 2.812816e-16 0.000000e+00
35 27 1.043508e-02 1.653849e-03 0 0 0 0 7.041505e-16 0.000000e+00
35 28 1.043508e-02 2.082073e-03 0 0 0 0 1.764432e-15 0.000000e+00
35 29 1.043508e-02 2.621174e-03 0 0 0 0 4.409332e-15 0.000000e+00
35 30 1.043508e-02 3.299863e-03 0 0 0 0 1.099054e-14 0.000000e+00
35 31 1.043508e-02 4.154281e-03 0 0 0 0 2.726702e-14 0.000000e+00
35 32 1.043508e-02 5.229930e-03 0 0 0 0 6.716069e-14 0.000000e+00
35 33 1.043508e-02 6.584091e-03 0 0 0 0 1.636243e-13 0.000000e+00
35 34 1.043508e-02 8.288880e-03 0 0 0 0 3.943352e-13 0.000000e+00
35 35 1.043508e-02 1.043508e-02 0 0 0 0 7.261030e-13 0.000000e+00
35 36 1.043508e-02 1.313699e-02 0 0 0 0 4.365014e-13 0.000000e+00
35 37 1.043508e-02 1.653849e-02 0 0 0 0 2.168446e-13 0.000000e+00
35 38 1.043508e-02 2.082073e-02 0 0 0 0 1.087920e-13 0.000000e+00
35 39 1.043508e-02 2.621174e-02 0 0 0 0 5.357234e-14 0.000000e+00
36 20 1.313699e-02 3.299863e-04 0 0 0 0 -1.172915e-18 0.000000e+00
36 21 1.313699e-02 4.154281e-04 0 0 0 0 1.191385e-18 0.000000e+00
36 22 1.313699e-02 5.229930e-04 0 0 0 0 4.995046e-18 0.000000e+00
36 23 1.313699e-02 6.584091e-04 0 0 0 0 1.004339e-17 0.000000e+00
36 24 1.313699e-02 8.288880e-04 0 0 0 0 2.266061e-17 0.000000e+00
36 25 1.313699e-02 1.043508e-03 0 0 0 0 5.249400e-17 0.000000e+00
36 26 1.313699e-02 1.313699e-03 0 0 0 0 1.301928e-16 0.000000e+00
36 27 1.313699e-02 1.653849e-03 0 0 0 0 3.279952e-16 0.000000e+00
36 28 1.313699e-02 2.082073e-03 0 0 0 0 8.217722e-16 0.000000e+00
36 29 1.313699e-02 2.621174e-03 0 0 0 0 2.056396e-15 0.000000e+00
36 30 1.313699e-02 3.299863e-03 0 0 0 0 5.132720e-15 0.000000e+00
36 31 1.313699e-02 4.154281e-03 0 0 0 0 1.276363e-14 0.000000e+00
36 32 1.313699e-02 5.229930e-03 0 0 0 0 3.154655e-14 0.000000e+00
36 33 1.313699e-02 6.584091e-03 0 0 0 0 7.718597e-14 0.000000e+00
36 34 1.313699e-02 8.288880e-03 0 0 0 0 1.857416e-13 0.000000e+00
36 35 1.313699e-02 1.043508e-02 0 0 0 0 4.365014e-13 0.000000e+00
36 36 1.313699e-02 1.313699e-02 0 0 0 0 7.734470e-13 0.000000e+00
36 37 1.313699e-02 1.653849e-02 0 0 0 0 4.978481e-13 0.000000e+00
36 38 1.313699e-02 2.082073e-02 0 0 0 0 2.574313e-13 0.000000e+00
36 39 1.313699e-02 2.621174e-02 0 0 0 0 1.299576e-13 0.000000e+00
37 20 1.653849e-02 3.299863e-04 0 0 0 0 -3.825432e-18 0.000000e+00
37 21 1.653849e-02 4.154281e-04 0 0 0 0 -1.217142e-19 0.000000e+00
37 22 1.653849e-02 5.229930e-04 0 0 0 0 2.190371e-18 0.000000e+00
37 23 1.653849e-02 6.584091e-04 0 0 0 0 3.213452e-18 0.000000e+00
37 24 1.653849e-02 8.288880e-04 0 0 0 0 9.156177e-18 0.000000e+00
37 25 1.653849e-02 1.043508e-03 0 0 0 0 2.437882e-17 0.000000e+00
37 26 1.653849e-02 1.313699e-03 0 0 0 0 6.241909e-17 0.000000e+00
37 27 1.653849e-02 1.653849e-03 0 0 0 0 1.559149e-16 0.000000e+00
37 28 1.653849e-02 2.082073e-03 0 0 0 0 3.908515e-16 0.000000e+00
37 29 1.653849e-02 2.621174e-03 0 0 0 0 9.799246e-16 0.000000e+00
37 30 1.653849e-02 3.299863e-03 0 0 0 0 2.449316e-15 0.000000e+00
37 31 1.653849e-02 4.154281e-03 0 0 0 0 6.109711e-15 0.000000e+00
37 32 1.653849e-02 5.229930e-03 0 0 0 0 1.516991e-14 0.000000e+00
37 33 1.653849e-02 6.584091e-03 0 0 0 0 3.739119e-14 0.000000e+00
37 34 1.653849e-02 8.288880e-03 0 0 0 0 9.102610e-14 0.000000e+00
37 35 1.653849e-02 1.043508e-02 0 0 0 0 2.168446e-13 0.000000e+00
37 36 1.653849e-02 1.313699e-02 0 0 0 0 4.978481e-13 0.000000e+00
37 37 1.653849e-02 1.653849e-02 0 0 0 0 8.541247e-13 0.000000e+00
37 38 1.653849e-02 2.082073e-02 0 0 0 0 5.802097e-13 0.000000e+00
37 39 1.653849e-02 2.621174e-02 0 0 0 0 3.067043e-13 0.000000e+00
38 20 2.082073e-02 3.299863e-04 0 0 0 0 -8.274332e-18 0.000000e+00
38 21 2.082073e-02 4.154281e-04 0 0 0 0 -2.972958e-19 0.000000e+00
38 22 2.082073e-02 5.229930e-04 0 0 0 0 2.174609e-18 0.000000e+00
38 23 2.082073e-02 6.584091e-04 0 0 0 0 1.283862e-18 0.000000e+00
38 24 2.082073e-02 8.288880e-04 0 0 0 0 4.331023e-18 0.000000e+00
38 25 2.082073e-02 1.043508e-03 0 0 0 0 1.092935e-17 0.000000e+00
38 26 2.082073e-02 1.313699e-03 0 0 0 0 2.864700e-17 0.000000e+00
38 27 2.082073e-02 1.653849e-03 0 0 0 0 7.424468e-17 0.000000e+00
38 28 2.082073e-02 2.082073e-03 0 0 0 0 1.881990e-16 0.000000e+00
38 29 2.082073e-02 2.621174e-03 0 0 0 0 4.707017e-16 0.000000e+00
38 30 2.082073e-02 3.299863e-03 0 0 0 0 1.178076e-15 0.000000e+00
38 31 2.082073e-02 4.154281e-03 0 0 0 0 2.945826e-15 0.000000e+00
38 32 2.082073e-02 5.229930e-03 0 0 0 0 7.341919e-15 0.000000e+00
38 33 2.082073e-02 6.584091e-03 0 0 0 0 1.821386e-14 0.000000e+00
38 34 2.082073e-02 8.288880e-03 0 0 0 0 4.482397e-14 0.000000e+00
38 35 2.082073e-02 1.043508e-02 0 0 0 0 1.087920e-13 0.000000e+00
38 36 2.082073e-02 1.313699e-02 0 0 0 0 2.574313e-13 0.000000e+00
38 37 2.082073e-02 1.653849e-02 0 0 0 0 5.802097e-13 0.000000e+00
38 38 2.082073e-02 2.082073e-02 0 0 0 0 9.694198e-13 0.000000e+00
38 39 2.082073e-02 2.621174e-02 0 0 0 0 6.831517e-13 0.000000e+00
39 20 2.621174e-02 3.299863e-04 0 0 0 0 -1.718460e-17 0.000000e+00
39 21 2.621174e-02 4.154281e-04 0 0 0 0 1.825388e-19 0.000000e+00
39 22 2.621174e-02 5.229930e-04 0 0 0 0 3.613501e-18 0.000000e+00
39 23 2.621174e-02 6.584091e-04 0 0 0 0 5.846447e-19 0.000000e+00
39 24 2.621174e-02 8.288880e-04 0 0 0 0 2.596825e-18 0.000000e+00
39 25 2.621174e-02 1.043508e-03 0 0 0 0 6.437786e-18 0.000000e+00
39 26 2.621174e-02 1.313699e-03 0 0 0 0 1.560321e-17 0.000000e+00
39 27 2.621174e-02 1.653849e-03 0 0 0 0 3.695685e-17 0.000000e+00
39 28 2.621174e-02 2.082073e-03 0 0 0 0 8.963045e-17 0.000000e+00
39 29 2.621174e-02 2.621174e-03 0 0 0 0 2.237189e-16 0.000000e+00
39 30 2.621174e-02 3.299863e-03 0 0 0 0 5.620357e-16 0.000000e+00
39 31 2.621174e-02 4.154281e-03 0 0 0 0 1.407574e-15 0.000000e+00
39 32 2.621174e-02 5.229930e-03 0 0 0 0 3.519376e-15 0.000000e+00
39 33 2.621174e-02 6.584091e-03 0 0 0 0 8.773430e-15 0.000000e+00
39 34 2.621174e-02 8.288880e-03 0 0 0 0 2.176772e-14 0.000000e+00
39 35 2.621174e-02 1.043508e-02 0 0 0 0 5.357234e-14 0.000000e+00
39 36 2.621174e-02 1.313699e-02 0 0 0 0 1.299576e-13 0.000000e+00
39 37 2.621174e-02 1.653849e-02 0 0 0 0 3.067043e-13 0.000000e+00
39 38 2.621174e-02 2.082073e-02 0 0 0 0 6.831517e-13 0.000000e+00
39 39 2.621174e-02 2.621174e-02 0 0 0 0 1.117973e-12 0.000000e+00
