# Please cite the following papers in research using this covariance:
# arXiv: 1601.05779, https://arxiv.org/abs/1601.05779
# arXiv: 1911.11947, https://arxiv.org/abs/1911.11947
# arXiv: 2004.04833, https://arxiv.org/abs/2004.04833
########################################################
60 0 3.299863e-04 3.299863e-04 0 0 0 0 5.649431e-09 0.000000e+00
60 1 3.299863e-04 4.154281e-04 0 0 0 0 5.621163e-09 0.000000e+00
60 2 3.299863e-04 5.229930e-04 0 0 0 0 5.579341e-09 0.000000e+00
60 3 3.299863e-04 6.584091e-04 0 0 0 0 5.522399e-09 0.000000e+00
60 4 3.299863e-04 8.288880e-04 0 0 0 0 5.451531e-09 0.000000e+00
60 5 3.299863e-04 1.043508e-03 0 0 0 0 5.369203e-09 0.000000e+00
60 6 3.299863e-04 1.313699e-03 0 0 0 0 5.273674e-09 0.000000e+00
60 7 3.299863e-04 1.653849e-03 0 0 0 0 5.163948e-09 0.000000e+00
60 8 3.299863e-04 2.082073e-03 0 0 0 0 5.038032e-09 0.000000e+00
60 9 3.299863e-04 2.621174e-03 0 0 0 0 4.892338e-09 0.000000e+00
60 10 3.299863e-04 3.299863e-03 0 0 0 0 4.722014e-09 0.000000e+00
60 11 3.299863e-04 4.154281e-03 0 0 0 0 4.521357e-09 0.000000e+00
60 12 3.299863e-04 5.229930e-03 0 0 0 0 4.284301e-09 0.000000e+00
60 13 3.299863e-04 6.584091e-03 0 0 0 0 4.005331e-09 0.000000e+00
60 14 3.299863e-04 8.288880e-03 0 0 0 0 3.680797e-09 0.000000e+00
60 15 3.299863e-04 1.043508e-02 0 0 0 0 3.310480e-09 0.000000e+00
60 16 3.299863e-04 1.313699e-02 0 0 0 0 2.899284e-09 0.000000e+00
60 17 3.299863e-04 1.653849e-02 0 0 0 0 2.458510e-09 0.000000e+00
60 18 3.299863e-04 2.082073e-02 0 0 0 0 2.006074e-09 0.000000e+00
60 19 3.299863e-04 2.621174e-02 0 0 0 0 1.564903e-09 0.000000e+00
61 0 4.154281e-04 3.299863e-04 0 0 0 0 5.620731e-09 0.000000e+00
61 1 4.154281e-04 4.154281e-04 0 0 0 0 5.599506e-09 0.000000e+00
61 2 4.154281e-04 5.229930e-04 0 0 0 0 5.564995e-09 0.000000e+00
61 3 4.154281e-04 6.584091e-04 0 0 0 0 5.513911e-09 0.000000e+00
61 4 4.154281e-04 8.288880e-04 0 0 0 0 5.446304e-09 0.000000e+00
61 5 4.154281e-04 1.043508e-03 0 0 0 0 5.365625e-09 0.000000e+00
61 6 4.154281e-04 1.313699e-03 0 0 0 0 5.271301e-09 0.000000e+00
61 7 4.154281e-04 1.653849e-03 0 0 0 0 5.162149e-09 0.000000e+00
61 8 4.154281e-04 2.082073e-03 0 0 0 0 5.036660e-09 0.000000e+00
61 9 4.154281e-04 2.621174e-03 0 0 0 0 4.891258e-09 0.000000e+00
61 10 4.154281e-04 3.299863e-03 0 0 0 0 4.721170e-09 0.000000e+00
61 11 4.154281e-04 4.154281e-03 0 0 0 0 4.520717e-09 0.000000e+00
61 12 4.154281e-04 5.229930e-03 0 0 0 0 4.283833e-09 0.000000e+00
61 13 4.154281e-04 6.584091e-03 0 0 0 0 4.005007e-09 0.000000e+00
61 14 4.154281e-04 8.288880e-03 0 0 0 0 3.680591e-09 0.000000e+00
61 15 4.154281e-04 1.043508e-02 0 0 0 0 3.310363e-09 0.000000e+00
61 16 4.154281e-04 1.313699e-02 0 0 0 0 2.899230e-09 0.000000e+00
61 17 4.154281e-04 1.653849e-02 0 0 0 0 2.458496e-09 0.000000e+00
61 18 4.154281e-04 2.082073e-02 0 0 0 0 2.006081e-09 0.000000e+00
61 19 4.154281e-04 2.621174e-02 0 0 0 0 1.564918e-09 0.000000e+00
62 0 5.229930e-04 3.299863e-04 0 0 0 0 5.578937e-09 0.000000e+00
62 1 5.229930e-04 4.154281e-04 0 0 0 0 5.565022e-09 0.000000e+00
62 2 5.229930e-04 5.229930e-04 0 0 0 0 5.539737e-09 0.000000e+00
62 3 5.229930e-04 6.584091e-04 0 0 0 0 5.498252e-09 0.000000e+00
62 4 5.229930e-04 8.288880e-04 0 0 0 0 5.437602e-09 0.000000e+00
62 5 5.229930e-04 1.043508e-03 0 0 0 0 5.359846e-09 0.000000e+00
62 6 5.229930e-04 1.313699e-03 0 0 0 0 5.267345e-09 0.000000e+00
62 7 5.229930e-04 1.653849e-03 0 0 0 0 5.159308e-09 0.000000e+00
62 8 5.229930e-04 2.082073e-03 0 0 0 0 5.034500e-09 0.000000e+00
62 9 5.229930e-04 2.621174e-03 0 0 0 0 4.889542e-09 0.000000e+00
62 10 5.229930e-04 3.299863e-03 0 0 0 0 4.719827e-09 0.000000e+00
62 11 5.229930e-04 4.154281e-03 0 0 0 0 4.519698e-09 0.000000e+00
62 12 5.229930e-04 5.229930e-03 0 0 0 0 4.283090e-09 0.000000e+00
62 13 5.229930e-04 6.584091e-03 0 0 0 0 4.004498e-09 0.000000e+00
62 14 5.229930e-04 8.288880e-03 0 0 0 0 3.680264e-09 0.000000e+00
62 15 5.229930e-04 1.043508e-02 0 0 0 0 3.310177e-09 0.000000e+00
62 16 5.229930e-04 1.313699e-02 0 0 0 0 2.899143e-09 0.000000e+00
62 17 5.229930e-04 1.653849e-02 0 0 0 0 2.458472e-09 0.000000e+00
62 18 5.229930e-04 2.082073e-02 0 0 0 0 2.006092e-09 0.000000e+00
62 19 5.229930e-04 2.621174e-02 0 0 0 0 1.564943e-09 0.000000e+00
63 0 6.584091e-04 3.299863e-04 0 0 0 0 5.522013e-09 0.000000e+00
63 1 6.584091e-04 4.154281e-04 0 0 0 0 5.513957e-09 0.000000e+00
63 2 6.584091e-04 5.229930e-04 0 0 0 0 5.498270e-09 0.000000e+00
63 3 6.584091e-04 6.584091e-04 0 0 0 0 5.469743e-09 0.000000e+00
63 4 6.584091e-04 8.288880e-04 0 0 0 0 5.421390e-09 0.000000e+00
63 5 6.584091e-04 1.043508e-03 0 0 0 0 5.350236e-09 0.000000e+00
63 6 6.584091e-04 1.313699e-03 0 0 0 0 5.260792e-09 0.000000e+00
63 7 6.584091e-04 1.653849e-03 0 0 0 0 5.154770e-09 0.000000e+00
63 8 6.584091e-04 2.082073e-03 0 0 0 0 5.031037e-09 0.000000e+00
63 9 6.584091e-04 2.621174e-03 0 0 0 0 4.886814e-09 0.000000e+00
63 10 6.584091e-04 3.299863e-03 0 0 0 0 4.717699e-09 0.000000e+00
63 11 6.584091e-04 4.154281e-03 0 0 0 0 4.518081e-09 0.000000e+00
63 12 6.584091e-04 5.229930e-03 0 0 0 0 4.281912e-09 0.000000e+00
63 13 6.584091e-04 6.584091e-03 0 0 0 0 4.003689e-09 0.000000e+00
63 14 6.584091e-04 8.288880e-03 0 0 0 0 3.679746e-09 0.000000e+00
63 15 6.584091e-04 1.043508e-02 0 0 0 0 3.309882e-09 0.000000e+00
63 16 6.584091e-04 1.313699e-02 0 0 0 0 2.899005e-09 0.000000e+00
63 17 6.584091e-04 1.653849e-02 0 0 0 0 2.458436e-09 0.000000e+00
63 18 6.584091e-04 2.082073e-02 0 0 0 0 2.006110e-09 0.000000e+00
63 19 6.584091e-04 2.621174e-02 0 0 0 0 1.564981e-09 0.000000e+00
64 0 8.288880e-04 3.299863e-04 0 0 0 0 5.451151e-09 0.000000e+00
64 1 8.288880e-04 4.154281e-04 0 0 0 0 5.446356e-09 0.000000e+00
64 2 8.288880e-04 5.229930e-04 0 0 0 0 5.437627e-09 0.000000e+00
64 3 8.288880e-04 6.584091e-04 0 0 0 0 5.421397e-09 0.000000e+00
64 4 8.288880e-04 8.288880e-04 0 0 0 0 5.389539e-09 0.000000e+00
64 5 8.288880e-04 1.043508e-03 0 0 0 0 5.332637e-09 0.000000e+00
64 6 8.288880e-04 1.313699e-03 0 0 0 0 5.249955e-09 0.000000e+00
64 7 8.288880e-04 1.653849e-03 0 0 0 0 5.147322e-09 0.000000e+00
64 8 8.288880e-04 2.082073e-03 0 0 0 0 5.025426e-09 0.000000e+00
64 9 8.288880e-04 2.621174e-03 0 0 0 0 4.882478e-09 0.000000e+00
64 10 8.288880e-04 3.299863e-03 0 0 0 0 4.714334e-09 0.000000e+00
64 11 8.288880e-04 4.154281e-03 0 0 0 0 4.515522e-09 0.000000e+00
64 12 8.288880e-04 5.229930e-03 0 0 0 0 4.280046e-09 0.000000e+00
64 13 8.288880e-04 6.584091e-03 0 0 0 0 4.002401e-09 0.000000e+00
64 14 8.288880e-04 8.288880e-03 0 0 0 0 3.678924e-09 0.000000e+00
64 15 8.288880e-04 1.043508e-02 0 0 0 0 3.309414e-09 0.000000e+00
64 16 8.288880e-04 1.313699e-02 0 0 0 0 2.898788e-09 0.000000e+00
64 17 8.288880e-04 1.653849e-02 0 0 0 0 2.458378e-09 0.000000e+00
64 18 8.288880e-04 2.082073e-02 0 0 0 0 2.006138e-09 0.000000e+00
64 19 8.288880e-04 2.621174e-02 0 0 0 0 1.565042e-09 0.000000e+00
65 0 1.043508e-03 3.299863e-04 0 0 0 0 5.368814e-09 0.000000e+00
65 1 1.043508e-03 4.154281e-04 0 0 0 0 5.365668e-09 0.000000e+00
65 2 1.043508e-03 5.229930e-04 0 0 0 0 5.359861e-09 0.000000e+00
65 3 1.043508e-03 6.584091e-04 0 0 0 0 5.350233e-09 0.000000e+00
65 4 1.043508e-03 8.288880e-04 0 0 0 0 5.332628e-09 0.000000e+00
65 5 1.043508e-03 1.043508e-03 0 0 0 0 5.296989e-09 0.000000e+00
65 6 1.043508e-03 1.313699e-03 0 0 0 0 5.230587e-09 0.000000e+00
65 7 1.043508e-03 1.653849e-03 0 0 0 0 5.134765e-09 0.000000e+00
65 8 1.043508e-03 2.082073e-03 0 0 0 0 5.016392e-09 0.000000e+00
65 9 1.043508e-03 2.621174e-03 0 0 0 0 4.875559e-09 0.000000e+00
65 10 1.043508e-03 3.299863e-03 0 0 0 0 4.708978e-09 0.000000e+00
65 11 1.043508e-03 4.154281e-03 0 0 0 0 4.511461e-09 0.000000e+00
65 12 1.043508e-03 5.229930e-03 0 0 0 0 4.277083e-09 0.000000e+00
65 13 1.043508e-03 6.584091e-03 0 0 0 0 4.000354e-09 0.000000e+00
65 14 1.043508e-03 8.288880e-03 0 0 0 0 3.677620e-09 0.000000e+00
65 15 1.043508e-03 1.043508e-02 0 0 0 0 3.308672e-09 0.000000e+00
65 16 1.043508e-03 1.313699e-02 0 0 0 0 2.898443e-09 0.000000e+00
65 17 1.043508e-03 1.653849e-02 0 0 0 0 2.458285e-09 0.000000e+00
65 18 1.043508e-03 2.082073e-02 0 0 0 0 2.006183e-09 0.000000e+00
65 19 1.043508e-03 2.621174e-02 0 0 0 0 1.565138e-09 0.000000e+00
66 0 1.313699e-03 3.299863e-04 0 0 0 0 5.273284e-09 0.000000e+00
66 1 1.313699e-03 4.154281e-04 0 0 0 0 5.271343e-09 0.000000e+00
66 2 1.313699e-03 5.229930e-04 0 0 0 0 5.267359e-09 0.000000e+00
66 3 1.313699e-03 6.584091e-04 0 0 0 0 5.260787e-09 0.000000e+00
66 4 1.313699e-03 8.288880e-04 0 0 0 0 5.249944e-09 0.000000e+00
66 5 1.313699e-03 1.043508e-03 0 0 0 0 5.230586e-09 0.000000e+00
66 6 1.313699e-03 1.313699e-03 0 0 0 0 5.190278e-09 0.000000e+00
66 7 1.313699e-03 1.653849e-03 0 0 0 0 5.112637e-09 0.000000e+00
66 8 1.313699e-03 2.082073e-03 0 0 0 0 5.001539e-09 0.000000e+00
66 9 1.313699e-03 2.621174e-03 0 0 0 0 4.864439e-09 0.000000e+00
66 10 1.313699e-03 3.299863e-03 0 0 0 0 4.700431e-09 0.000000e+00
66 11 1.313699e-03 4.154281e-03 0 0 0 0 4.504993e-09 0.000000e+00
66 12 1.313699e-03 5.229930e-03 0 0 0 0 4.272371e-09 0.000000e+00
66 13 1.313699e-03 6.584091e-03 0 0 0 0 3.997109e-09 0.000000e+00
66 14 1.313699e-03 8.288880e-03 0 0 0 0 3.675547e-09 0.000000e+00
66 15 1.313699e-03 1.043508e-02 0 0 0 0 3.307492e-09 0.000000e+00
66 16 1.313699e-03 1.313699e-02 0 0 0 0 2.897893e-09 0.000000e+00
66 17 1.313699e-03 1.653849e-02 0 0 0 0 2.458137e-09 0.000000e+00
66 18 1.313699e-03 2.082073e-02 0 0 0 0 2.006253e-09 0.000000e+00
66 19 1.313699e-03 2.621174e-02 0 0 0 0 1.565290e-09 0.000000e+00
67 0 1.653849e-03 3.299863e-04 0 0 0 0 5.163553e-09 0.000000e+00
67 1 1.653849e-03 4.154281e-04 0 0 0 0 5.162185e-09 0.000000e+00
67 2 1.653849e-03 5.229930e-04 0 0 0 0 5.159316e-09 0.000000e+00
67 3 1.653849e-03 6.584091e-04 0 0 0 0 5.154761e-09 0.000000e+00
67 4 1.653849e-03 8.288880e-04 0 0 0 0 5.147305e-09 0.000000e+00
67 5 1.653849e-03 1.043508e-03 0 0 0 0 5.134758e-09 0.000000e+00
67 6 1.653849e-03 1.313699e-03 0 0 0 0 5.112631e-09 0.000000e+00
67 7 1.653849e-03 1.653849e-03 0 0 0 0 5.066561e-09 0.000000e+00
67 8 1.653849e-03 2.082073e-03 0 0 0 0 4.975601e-09 0.000000e+00
67 9 1.653849e-03 2.621174e-03 0 0 0 0 4.846332e-09 0.000000e+00
67 10 1.653849e-03 3.299863e-03 0 0 0 0 4.686764e-09 0.000000e+00
67 11 1.653849e-03 4.154281e-03 0 0 0 0 4.494693e-09 0.000000e+00
67 12 1.653849e-03 5.229930e-03 0 0 0 0 4.264872e-09 0.000000e+00
67 13 1.653849e-03 6.584091e-03 0 0 0 0 3.991939e-09 0.000000e+00
67 14 1.653849e-03 8.288880e-03 0 0 0 0 3.672249e-09 0.000000e+00
67 15 1.653849e-03 1.043508e-02 0 0 0 0 3.305614e-09 0.000000e+00
67 16 1.653849e-03 1.313699e-02 0 0 0 0 2.897018e-09 0.000000e+00
67 17 1.653849e-03 1.653849e-02 0 0 0 0 2.457901e-09 0.000000e+00
67 18 1.653849e-03 2.082073e-02 0 0 0 0 2.006362e-09 0.000000e+00
67 19 1.653849e-03 2.621174e-02 0 0 0 0 1.565532e-09 0.000000e+00
68 0 2.082073e-03 3.299863e-04 0 0 0 0 5.037628e-09 0.000000e+00
68 1 2.082073e-03 4.154281e-04 0 0 0 0 5.036687e-09 0.000000e+00
68 2 2.082073e-03 5.229930e-04 0 0 0 0 5.034500e-09 0.000000e+00
68 3 2.082073e-03 6.584091e-04 0 0 0 0 5.031019e-09 0.000000e+00
68 4 2.082073e-03 8.288880e-04 0 0 0 0 5.025401e-09 0.000000e+00
68 5 2.082073e-03 1.043508e-03 0 0 0 0 5.016377e-09 0.000000e+00
68 6 2.082073e-03 1.313699e-03 0 0 0 0 5.001525e-09 0.000000e+00
68 7 2.082073e-03 1.653849e-03 0 0 0 0 4.975592e-09 0.000000e+00
68 8 2.082073e-03 2.082073e-03 0 0 0 0 4.922168e-09 0.000000e+00
68 9 2.082073e-03 2.621174e-03 0 0 0 0 4.815448e-09 0.000000e+00
68 10 2.082073e-03 3.299863e-03 0 0 0 0 4.664652e-09 0.000000e+00
68 11 2.082073e-03 4.154281e-03 0 0 0 0 4.478204e-09 0.000000e+00
68 12 2.082073e-03 5.229930e-03 0 0 0 0 4.252899e-09 0.000000e+00
68 13 2.082073e-03 6.584091e-03 0 0 0 0 3.983695e-09 0.000000e+00
68 14 2.082073e-03 8.288880e-03 0 0 0 0 3.666989e-09 0.000000e+00
68 15 2.082073e-03 1.043508e-02 0 0 0 0 3.302619e-09 0.000000e+00
68 16 2.082073e-03 1.313699e-02 0 0 0 0 2.895621e-09 0.000000e+00
68 17 2.082073e-03 1.653849e-02 0 0 0 0 2.457521e-09 0.000000e+00
68 18 2.082073e-03 2.082073e-02 0 0 0 0 2.006534e-09 0.000000e+00
68 19 2.082073e-03 2.621174e-02 0 0 0 0 1.565913e-09 0.000000e+00
69 0 2.621174e-03 3.299863e-04 0 0 0 0 4.891922e-09 0.000000e+00
69 1 2.621174e-03 4.154281e-04 0 0 0 0 4.891273e-09 0.000000e+00
69 2 2.621174e-03 5.229930e-04 0 0 0 0 4.889529e-09 0.000000e+00
69 3 2.621174e-03 6.584091e-04 0 0 0 0 4.886784e-09 0.000000e+00
69 4 2.621174e-03 8.288880e-04 0 0 0 0 4.882441e-09 0.000000e+00
69 5 2.621174e-03 1.043508e-03 0 0 0 0 4.875531e-09 0.000000e+00
69 6 2.621174e-03 1.313699e-03 0 0 0 0 4.864412e-09 0.000000e+00
69 7 2.621174e-03 1.653849e-03 0 0 0 0 4.846311e-09 0.000000e+00
69 8 2.621174e-03 2.082073e-03 0 0 0 0 4.815435e-09 0.000000e+00
69 9 2.621174e-03 2.621174e-03 0 0 0 0 4.752831e-09 0.000000e+00
69 10 2.621174e-03 3.299863e-03 0 0 0 0 4.627594e-09 0.000000e+00
69 11 2.621174e-03 4.154281e-03 0 0 0 0 4.451604e-09 0.000000e+00
69 12 2.621174e-03 5.229930e-03 0 0 0 0 4.233700e-09 0.000000e+00
69 13 2.621174e-03 6.584091e-03 0 0 0 0 3.970491e-09 0.000000e+00
69 14 2.621174e-03 8.288880e-03 0 0 0 0 3.658568e-09 0.000000e+00
69 15 2.621174e-03 1.043508e-02 0 0 0 0 3.297822e-09 0.000000e+00
69 16 2.621174e-03 1.313699e-02 0 0 0 0 2.893379e-09 0.000000e+00
69 17 2.621174e-03 1.653849e-02 0 0 0 0 2.456905e-09 0.000000e+00
69 18 2.621174e-03 2.082073e-02 0 0 0 0 2.006799e-09 0.000000e+00
69 19 2.621174e-03 2.621174e-02 0 0 0 0 1.566515e-09 0.000000e+00
70 0 3.299863e-03 3.299863e-04 0 0 0 0 4.721578e-09 0.000000e+00
70 1 3.299863e-03 4.154281e-04 0 0 0 0 4.721166e-09 0.000000e+00
70 2 3.299863e-03 5.229930e-04 0 0 0 0 4.719795e-09 0.000000e+00
70 3 3.299863e-03 6.584091e-04 0 0 0 0 4.717649e-09 0.000000e+00
70 4 3.299863e-03 8.288880e-04 0 0 0 0 4.714277e-09 0.000000e+00
70 5 3.299863e-03 1.043508e-03 0 0 0 0 4.708930e-09 0.000000e+00
70 6 3.299863e-03 1.313699e-03 0 0 0 0 4.700384e-09 0.000000e+00
70 7 3.299863e-03 1.653849e-03 0 0 0 0 4.686723e-09 0.000000e+00
70 8 3.299863e-03 2.082073e-03 0 0 0 0 4.664620e-09 0.000000e+00
70 9 3.299863e-03 2.621174e-03 0 0 0 0 4.627574e-09 0.000000e+00
70 10 3.299863e-03 3.299863e-03 0 0 0 0 4.554000e-09 0.000000e+00
70 11 3.299863e-03 4.154281e-03 0 0 0 0 4.407474e-09 0.000000e+00
70 12 3.299863e-03 5.229930e-03 0 0 0 0 4.202651e-09 0.000000e+00
70 13 3.299863e-03 6.584091e-03 0 0 0 0 3.949213e-09 0.000000e+00
70 14 3.299863e-03 8.288880e-03 0 0 0 0 3.645007e-09 0.000000e+00
70 15 3.299863e-03 1.043508e-02 0 0 0 0 3.290095e-09 0.000000e+00
70 16 3.299863e-03 1.313699e-02 0 0 0 0 2.889757e-09 0.000000e+00
70 17 3.299863e-03 1.653849e-02 0 0 0 0 2.455894e-09 0.000000e+00
70 18 3.299863e-03 2.082073e-02 0 0 0 0 2.007204e-09 0.000000e+00
70 19 3.299863e-03 2.621174e-02 0 0 0 0 1.567461e-09 0.000000e+00
71 0 4.154281e-03 3.299863e-04 0 0 0 0 4.520892e-09 0.000000e+00
71 1 4.154281e-03 4.154281e-04 0 0 0 0 4.520683e-09 0.000000e+00
71 2 4.154281e-03 5.229930e-04 0 0 0 0 4.519637e-09 0.000000e+00
71 3 4.154281e-03 6.584091e-04 0 0 0 0 4.518002e-09 0.000000e+00
71 4 4.154281e-03 8.288880e-04 0 0 0 0 4.515435e-09 0.000000e+00
71 5 4.154281e-03 1.043508e-03 0 0 0 0 4.511384e-09 0.000000e+00
71 6 4.154281e-03 1.313699e-03 0 0 0 0 4.504917e-09 0.000000e+00
71 7 4.154281e-03 1.653849e-03 0 0 0 0 4.494622e-09 0.000000e+00
71 8 4.154281e-03 2.082073e-03 0 0 0 0 4.478142e-09 0.000000e+00
71 9 4.154281e-03 2.621174e-03 0 0 0 0 4.451553e-09 0.000000e+00
71 10 4.154281e-03 3.299863e-03 0 0 0 0 4.407443e-09 0.000000e+00
71 11 4.154281e-03 4.154281e-03 0 0 0 0 4.321426e-09 0.000000e+00
71 12 4.154281e-03 5.229930e-03 0 0 0 0 4.151238e-09 0.000000e+00
71 13 4.154281e-03 6.584091e-03 0 0 0 0 3.914560e-09 0.000000e+00
71 14 4.154281e-03 8.288880e-03 0 0 0 0 3.622966e-09 0.000000e+00
71 15 4.154281e-03 1.043508e-02 0 0 0 0 3.277528e-09 0.000000e+00
71 16 4.154281e-03 1.313699e-02 0 0 0 0 2.883841e-09 0.000000e+00
71 17 4.154281e-03 1.653849e-02 0 0 0 0 2.454203e-09 0.000000e+00
71 18 4.154281e-03 2.082073e-02 0 0 0 0 2.007804e-09 0.000000e+00
71 19 4.154281e-03 2.621174e-02 0 0 0 0 1.568944e-09 0.000000e+00
72 0 5.229930e-03 3.299863e-04 0 0 0 0 4.283792e-09 0.000000e+00
72 1 5.229930e-03 4.154281e-04 0 0 0 0 4.283755e-09 0.000000e+00
72 2 5.229930e-03 5.229930e-04 0 0 0 0 4.282984e-09 0.000000e+00
72 3 5.229930e-03 6.584091e-04 0 0 0 0 4.281788e-09 0.000000e+00
72 4 5.229930e-03 8.288880e-04 0 0 0 0 4.279915e-09 0.000000e+00
72 5 5.229930e-03 1.043508e-03 0 0 0 0 4.276961e-09 0.000000e+00
72 6 5.229930e-03 1.313699e-03 0 0 0 0 4.272250e-09 0.000000e+00
72 7 5.229930e-03 1.653849e-03 0 0 0 0 4.264756e-09 0.000000e+00
72 8 5.229930e-03 2.082073e-03 0 0 0 0 4.252791e-09 0.000000e+00
72 9 5.229930e-03 2.621174e-03 0 0 0 0 4.233604e-09 0.000000e+00
72 10 5.229930e-03 3.299863e-03 0 0 0 0 4.202574e-09 0.000000e+00
72 11 5.229930e-03 4.154281e-03 0 0 0 0 4.151192e-09 0.000000e+00
72 12 5.229930e-03 5.229930e-03 0 0 0 0 4.052044e-09 0.000000e+00
72 13 5.229930e-03 6.584091e-03 0 0 0 0 3.856774e-09 0.000000e+00
72 14 5.229930e-03 8.288880e-03 0 0 0 0 3.586594e-09 0.000000e+00
72 15 5.229930e-03 1.043508e-02 0 0 0 0 3.256787e-09 0.000000e+00
72 16 5.229930e-03 1.313699e-02 0 0 0 0 2.874017e-09 0.000000e+00
72 17 5.229930e-03 1.653849e-02 0 0 0 0 2.451297e-09 0.000000e+00
72 18 5.229930e-03 2.082073e-02 0 0 0 0 2.008652e-09 0.000000e+00
72 19 5.229930e-03 2.621174e-02 0 0 0 0 1.571251e-09 0.000000e+00
73 0 6.584091e-03 3.299863e-04 0 0 0 0 4.004755e-09 0.000000e+00
73 1 6.584091e-03 4.154281e-04 0 0 0 0 4.004863e-09 0.000000e+00
73 2 6.584091e-03 5.229930e-04 0 0 0 0 4.004325e-09 0.000000e+00
73 3 6.584091e-03 6.584091e-04 0 0 0 0 4.003499e-09 0.000000e+00
73 4 6.584091e-03 8.288880e-04 0 0 0 0 4.002203e-09 0.000000e+00
73 5 6.584091e-03 1.043508e-03 0 0 0 0 4.000166e-09 0.000000e+00
73 6 6.584091e-03 1.313699e-03 0 0 0 0 3.996922e-09 0.000000e+00
73 7 6.584091e-03 1.653849e-03 0 0 0 0 3.991756e-09 0.000000e+00
73 8 6.584091e-03 2.082073e-03 0 0 0 0 3.983520e-09 0.000000e+00
73 9 6.584091e-03 2.621174e-03 0 0 0 0 3.970328e-09 0.000000e+00
73 10 6.584091e-03 3.299863e-03 0 0 0 0 3.949068e-09 0.000000e+00
73 11 6.584091e-03 4.154281e-03 0 0 0 0 3.914444e-09 0.000000e+00
73 12 6.584091e-03 5.229930e-03 0 0 0 0 3.856704e-09 0.000000e+00
73 13 6.584091e-03 6.584091e-03 0 0 0 0 3.745070e-09 0.000000e+00
73 14 6.584091e-03 8.288880e-03 0 0 0 0 3.524849e-09 0.000000e+00
73 15 6.584091e-03 1.043508e-02 0 0 0 0 3.221744e-09 0.000000e+00
73 16 6.584091e-03 1.313699e-02 0 0 0 0 2.857277e-09 0.000000e+00
73 17 6.584091e-03 1.653849e-02 0 0 0 0 2.446106e-09 0.000000e+00
73 18 6.584091e-03 2.082073e-02 0 0 0 0 2.009728e-09 0.000000e+00
73 19 6.584091e-03 2.621174e-02 0 0 0 0 1.574797e-09 0.000000e+00
74 0 8.288880e-03 3.299863e-04 0 0 0 0 3.680125e-09 0.000000e+00
74 1 8.288880e-03 4.154281e-04 0 0 0 0 3.680349e-09 0.000000e+00
74 2 8.288880e-03 5.229930e-04 0 0 0 0 3.679994e-09 0.000000e+00
74 3 8.288880e-03 6.584091e-04 0 0 0 0 3.679458e-09 0.000000e+00
74 4 8.288880e-03 8.288880e-04 0 0 0 0 3.678629e-09 0.000000e+00
74 5 8.288880e-03 1.043508e-03 0 0 0 0 3.677334e-09 0.000000e+00
74 6 8.288880e-03 1.313699e-03 0 0 0 0 3.675262e-09 0.000000e+00
74 7 8.288880e-03 1.653849e-03 0 0 0 0 3.671969e-09 0.000000e+00
74 8 8.288880e-03 2.082073e-03 0 0 0 0 3.666716e-09 0.000000e+00
74 9 8.288880e-03 2.621174e-03 0 0 0 0 3.658306e-09 0.000000e+00
74 10 8.288880e-03 3.299863e-03 0 0 0 0 3.644763e-09 0.000000e+00
74 11 8.288880e-03 4.154281e-03 0 0 0 0 3.622750e-09 0.000000e+00
74 12 8.288880e-03 5.229930e-03 0 0 0 0 3.586421e-09 0.000000e+00
74 13 8.288880e-03 6.584091e-03 0 0 0 0 3.524745e-09 0.000000e+00
74 14 8.288880e-03 8.288880e-03 0 0 0 0 3.403122e-09 0.000000e+00
74 15 8.288880e-03 1.043508e-02 0 0 0 0 3.160176e-09 0.000000e+00
74 16 8.288880e-03 1.313699e-02 0 0 0 0 2.827639e-09 0.000000e+00
74 17 8.288880e-03 1.653849e-02 0 0 0 0 2.436338e-09 0.000000e+00
74 18 8.288880e-03 2.082073e-02 0 0 0 0 2.010734e-09 0.000000e+00
74 19 8.288880e-03 2.621174e-02 0 0 0 0 1.580130e-09 0.000000e+00
75 0 1.043508e-02 3.299863e-04 0 0 0 0 3.309669e-09 0.000000e+00
75 1 1.043508e-02 4.154281e-04 0 0 0 0 3.309981e-09 0.000000e+00
75 2 1.043508e-02 5.229930e-04 0 0 0 0 3.309766e-09 0.000000e+00
75 3 1.043508e-02 6.584091e-04 0 0 0 0 3.309454e-09 0.000000e+00
75 4 1.043508e-02 8.288880e-04 0 0 0 0 3.308979e-09 0.000000e+00
75 5 1.043508e-02 1.043508e-03 0 0 0 0 3.308246e-09 0.000000e+00
75 6 1.043508e-02 1.313699e-03 0 0 0 0 3.307066e-09 0.000000e+00
75 7 1.043508e-02 1.653849e-03 0 0 0 0 3.305193e-09 0.000000e+00
75 8 1.043508e-02 2.082073e-03 0 0 0 0 3.302204e-09 0.000000e+00
75 9 1.043508e-02 2.621174e-03 0 0 0 0 3.297418e-09 0.000000e+00
75 10 1.043508e-02 3.299863e-03 0 0 0 0 3.289707e-09 0.000000e+00
75 11 1.043508e-02 4.154281e-03 0 0 0 0 3.277167e-09 0.000000e+00
75 12 1.043508e-02 5.229930e-03 0 0 0 0 3.256467e-09 0.000000e+00
75 13 1.043508e-02 6.584091e-03 0 0 0 0 3.221489e-09 0.000000e+00
75 14 1.043508e-02 8.288880e-03 0 0 0 0 3.160022e-09 0.000000e+00
75 15 1.043508e-02 1.043508e-02 0 0 0 0 3.033072e-09 0.000000e+00
75 16 1.043508e-02 1.313699e-02 0 0 0 0 2.771983e-09 0.000000e+00
75 17 1.043508e-02 1.653849e-02 0 0 0 0 2.416687e-09 0.000000e+00
75 18 1.043508e-02 2.082073e-02 0 0 0 0 2.010458e-09 0.000000e+00
75 19 1.043508e-02 2.621174e-02 0 0 0 0 1.587830e-09 0.000000e+00
76 0 1.313699e-02 3.299863e-04 0 0 0 0 2.898277e-09 0.000000e+00
76 1 1.313699e-02 4.154281e-04 0 0 0 0 2.898651e-09 0.000000e+00
76 2 1.313699e-02 5.229930e-04 0 0 0 0 2.898535e-09 0.000000e+00
76 3 1.313699e-02 6.584091e-04 0 0 0 0 2.898380e-09 0.000000e+00
76 4 1.313699e-02 8.288880e-04 0 0 0 0 2.898156e-09 0.000000e+00
76 5 1.313699e-02 1.043508e-03 0 0 0 0 2.897819e-09 0.000000e+00
76 6 1.313699e-02 1.313699e-03 0 0 0 0 2.897270e-09 0.000000e+00
76 7 1.313699e-02 1.653849e-03 0 0 0 0 2.896399e-09 0.000000e+00
76 8 1.313699e-02 2.082073e-03 0 0 0 0 2.895008e-09 0.000000e+00
76 9 1.313699e-02 2.621174e-03 0 0 0 0 2.892776e-09 0.000000e+00
76 10 1.313699e-02 3.299863e-03 0 0 0 0 2.889169e-09 0.000000e+00
76 11 1.313699e-02 4.154281e-03 0 0 0 0 2.883278e-09 0.000000e+00
76 12 1.313699e-02 5.229930e-03 0 0 0 0 2.873492e-09 0.000000e+00
76 13 1.313699e-02 6.584091e-03 0 0 0 0 2.856813e-09 0.000000e+00
76 14 1.313699e-02 8.288880e-03 0 0 0 0 2.827269e-09 0.000000e+00
76 15 1.313699e-02 1.043508e-02 0 0 0 0 2.771761e-09 0.000000e+00
76 16 1.313699e-02 1.313699e-02 0 0 0 0 2.646189e-09 0.000000e+00
76 17 1.313699e-02 1.653849e-02 0 0 0 0 2.373613e-09 0.000000e+00
76 18 1.313699e-02 2.082073e-02 0 0 0 0 2.004826e-09 0.000000e+00
76 19 1.313699e-02 2.621174e-02 0 0 0 0 1.597998e-09 0.000000e+00
77 0 1.653849e-02 3.299863e-04 0 0 0 0 2.457237e-09 0.000000e+00
77 1 1.653849e-02 4.154281e-04 0 0 0 0 2.457649e-09 0.000000e+00
77 2 1.653849e-02 5.229930e-04 0 0 0 0 2.457596e-09 0.000000e+00
77 3 1.653849e-02 6.584091e-04 0 0 0 0 2.457542e-09 0.000000e+00
77 4 1.653849e-02 8.288880e-04 0 0 0 0 2.457477e-09 0.000000e+00
77 5 1.653849e-02 1.043508e-03 0 0 0 0 2.457393e-09 0.000000e+00
77 6 1.653849e-02 1.313699e-03 0 0 0 0 2.457245e-09 0.000000e+00
77 7 1.653849e-02 1.653849e-03 0 0 0 0 2.457012e-09 0.000000e+00
77 8 1.653849e-02 2.082073e-03 0 0 0 0 2.456638e-09 0.000000e+00
77 9 1.653849e-02 2.621174e-03 0 0 0 0 2.456031e-09 0.000000e+00
77 10 1.653849e-02 3.299863e-03 0 0 0 0 2.455034e-09 0.000000e+00
77 11 1.653849e-02 4.154281e-03 0 0 0 0 2.453365e-09 0.000000e+00
77 12 1.653849e-02 5.229930e-03 0 0 0 0 2.450494e-09 0.000000e+00
77 13 1.653849e-02 6.584091e-03 0 0 0 0 2.445357e-09 0.000000e+00
77 14 1.653849e-02 8.288880e-03 0 0 0 0 2.435676e-09 0.000000e+00
77 15 1.653849e-02 1.043508e-02 0 0 0 0 2.416159e-09 0.000000e+00
77 16 1.653849e-02 1.313699e-02 0 0 0 0 2.373296e-09 0.000000e+00
77 17 1.653849e-02 1.653849e-02 0 0 0 0 2.257027e-09 0.000000e+00
77 18 1.653849e-02 2.082073e-02 0 0 0 0 1.980482e-09 0.000000e+00
77 19 1.653849e-02 2.621174e-02 0 0 0 0 1.608308e-09 0.000000e+00
78 0 2.082073e-02 3.299863e-04 0 0 0 0 2.004451e-09 0.000000e+00
78 1 2.082073e-02 4.154281e-04 0 0 0 0 2.004881e-09 0.000000e+00
78 2 2.082073e-02 5.229930e-04 0 0 0 0 2.004862e-09 0.000000e+00
78 3 2.082073e-02 6.584091e-04 0 0 0 0 2.004864e-09 0.000000e+00
78 4 2.082073e-02 8.288880e-04 0 0 0 0 2.004884e-09 0.000000e+00
78 5 2.082073e-02 1.043508e-03 0 0 0 0 2.004937e-09 0.000000e+00
78 6 2.082073e-02 1.313699e-03 0 0 0 0 2.005006e-09 0.000000e+00
78 7 2.082073e-02 1.653849e-03 0 0 0 0 2.005119e-09 0.000000e+00
78 8 2.082073e-02 2.082073e-03 0 0 0 0 2.005296e-09 0.000000e+00
78 9 2.082073e-02 2.621174e-03 0 0 0 0 2.005569e-09 0.000000e+00
78 10 2.082073e-02 3.299863e-03 0 0 0 0 2.005985e-09 0.000000e+00
78 11 2.082073e-02 4.154281e-03 0 0 0 0 2.006605e-09 0.000000e+00
78 12 2.082073e-02 5.229930e-03 0 0 0 0 2.007483e-09 0.000000e+00
78 13 2.082073e-02 6.584091e-03 0 0 0 0 2.008607e-09 0.000000e+00
78 14 2.082073e-02 8.288880e-03 0 0 0 0 2.009689e-09 0.000000e+00
78 15 2.082073e-02 1.043508e-02 0 0 0 0 2.009532e-09 0.000000e+00
78 16 2.082073e-02 1.313699e-02 0 0 0 0 2.004089e-09 0.000000e+00
78 17 2.082073e-02 1.653849e-02 0 0 0 0 1.980038e-09 0.000000e+00
78 18 2.082073e-02 2.082073e-02 0 0 0 0 1.880451e-09 0.000000e+00
78 19 2.082073e-02 2.621174e-02 0 0 0 0 1.606481e-09 0.000000e+00
79 0 2.621174e-02 3.299863e-04 0 0 0 0 1.562840e-09 0.000000e+00
79 1 2.621174e-02 4.154281e-04 0 0 0 0 1.563273e-09 0.000000e+00
79 2 2.621174e-02 5.229930e-04 0 0 0 0 1.563266e-09 0.000000e+00
79 3 2.621174e-02 6.584091e-04 0 0 0 0 1.563289e-09 0.000000e+00
79 4 2.621174e-02 8.288880e-04 0 0 0 0 1.563341e-09 0.000000e+00
79 5 2.621174e-02 1.043508e-03 0 0 0 0 1.563446e-09 0.000000e+00
79 6 2.621174e-02 1.313699e-03 0 0 0 0 1.563598e-09 0.000000e+00
79 7 2.621174e-02 1.653849e-03 0 0 0 0 1.563842e-09 0.000000e+00
79 8 2.621174e-02 2.082073e-03 0 0 0 0 1.564228e-09 0.000000e+00
79 9 2.621174e-02 2.621174e-03 0 0 0 0 1.564835e-09 0.000000e+00
79 10 2.621174e-02 3.299863e-03 0 0 0 0 1.565792e-09 0.000000e+00
79 11 2.621174e-02 4.154281e-03 0 0 0 0 1.567291e-09 0.000000e+00
79 12 2.621174e-02 5.229930e-03 0 0 0 0 1.569623e-09 0.000000e+00
79 13 2.621174e-02 6.584091e-03 0 0 0 0 1.573209e-09 0.000000e+00
79 14 2.621174e-02 8.288880e-03 0 0 0 0 1.578606e-09 0.000000e+00
79 15 2.621174e-02 1.043508e-02 0 0 0 0 1.586407e-09 0.000000e+00
79 16 2.621174e-02 1.313699e-02 0 0 0 0 1.596736e-09 0.000000e+00
79 17 2.621174e-02 1.653849e-02 0 0 0 0 1.607300e-09 0.000000e+00
79 18 2.621174e-02 2.082073e-02 0 0 0 0 1.605873e-09 0.000000e+00
79 19 2.621174e-02 2.621174e-02 0 0 0 0 1.528385e-09 0.000000e+00
