# Please cite the following papers in research using this covariance:
# arXiv: 1601.05779, https://arxiv.org/abs/1601.05779
# arXiv: 1911.11947, https://arxiv.org/abs/1911.11947
# arXiv: 2004.04833, https://arxiv.org/abs/2004.04833
########################################################
0 20 3.299863e-04 3.299863e-04 0 0 0 0 -2.250708e-13 0.000000e+00
0 21 3.299863e-04 4.154281e-04 0 0 0 0 -5.331878e-13 0.000000e+00
0 22 3.299863e-04 5.229930e-04 0 0 0 0 -2.207399e-13 0.000000e+00
0 23 3.299863e-04 6.584091e-04 0 0 0 0 3.370512e-13 0.000000e+00
0 24 3.299863e-04 8.288880e-04 0 0 0 0 8.237345e-13 0.000000e+00
0 25 3.299863e-04 1.043508e-03 0 0 0 0 1.170121e-12 0.000000e+00
0 26 3.299863e-04 1.313699e-03 0 0 0 0 1.387823e-12 0.000000e+00
0 27 3.299863e-04 1.653849e-03 0 0 0 0 1.512640e-12 0.000000e+00
0 28 3.299863e-04 2.082073e-03 0 0 0 0 1.576630e-12 0.000000e+00
0 29 3.299863e-04 2.621174e-03 0 0 0 0 1.605813e-12 0.000000e+00
0 30 3.299863e-04 3.299863e-03 0 0 0 0 1.620376e-12 0.000000e+00
0 31 3.299863e-04 4.154281e-03 0 0 0 0 1.637193e-12 0.000000e+00
0 32 3.299863e-04 5.229930e-03 0 0 0 0 1.671944e-12 0.000000e+00
0 33 3.299863e-04 6.584091e-03 0 0 0 0 1.740195e-12 0.000000e+00
0 34 3.299863e-04 8.288880e-03 0 0 0 0 1.857629e-12 0.000000e+00
0 35 3.299863e-04 1.043508e-02 0 0 0 0 2.039252e-12 0.000000e+00
0 36 3.299863e-04 1.313699e-02 0 0 0 0 2.297513e-12 0.000000e+00
0 37 3.299863e-04 1.653849e-02 0 0 0 0 2.639039e-12 0.000000e+00
0 38 3.299863e-04 2.082073e-02 0 0 0 0 3.060054e-12 0.000000e+00
0 39 3.299863e-04 2.621174e-02 0 0 0 0 3.540656e-12 0.000000e+00
1 20 4.154281e-04 3.299863e-04 0 0 0 0 -2.624783e-14 0.000000e+00
1 21 4.154281e-04 4.154281e-04 0 0 0 0 -1.991399e-13 0.000000e+00
1 22 4.154281e-04 5.229930e-04 0 0 0 0 -5.511300e-13 0.000000e+00
1 23 4.154281e-04 6.584091e-04 0 0 0 0 -2.265051e-13 0.000000e+00
1 24 4.154281e-04 8.288880e-04 0 0 0 0 3.303437e-13 0.000000e+00
1 25 4.154281e-04 1.043508e-03 0 0 0 0 8.103397e-13 0.000000e+00
1 26 4.154281e-04 1.313699e-03 0 0 0 0 1.145598e-12 0.000000e+00
1 27 4.154281e-04 1.653849e-03 0 0 0 0 1.355798e-12 0.000000e+00
1 28 4.154281e-04 2.082073e-03 0 0 0 0 1.477257e-12 0.000000e+00
1 29 4.154281e-04 2.621174e-03 0 0 0 0 1.543526e-12 0.000000e+00
1 30 4.154281e-04 3.299863e-03 0 0 0 0 1.581453e-12 0.000000e+00
1 31 4.154281e-04 4.154281e-03 0 0 0 0 1.612766e-12 0.000000e+00
1 32 4.154281e-04 5.229930e-03 0 0 0 0 1.656412e-12 0.000000e+00
1 33 4.154281e-04 6.584091e-03 0 0 0 0 1.730126e-12 0.000000e+00
1 34 4.154281e-04 8.288880e-03 0 0 0 0 1.850912e-12 0.000000e+00
1 35 4.154281e-04 1.043508e-02 0 0 0 0 2.034627e-12 0.000000e+00
1 36 4.154281e-04 1.313699e-02 0 0 0 0 2.294223e-12 0.000000e+00
1 37 4.154281e-04 1.653849e-02 0 0 0 0 2.636641e-12 0.000000e+00
1 38 4.154281e-04 2.082073e-02 0 0 0 0 3.058278e-12 0.000000e+00
1 39 4.154281e-04 2.621174e-02 0 0 0 0 3.539336e-12 0.000000e+00
2 20 5.229930e-04 3.299863e-04 0 0 0 0 -1.816759e-14 0.000000e+00
2 21 5.229930e-04 4.154281e-04 0 0 0 0 1.936002e-16 0.000000e+00
2 22 5.229930e-04 5.229930e-04 0 0 0 0 -2.006184e-13 0.000000e+00
2 23 5.229930e-04 6.584091e-04 0 0 0 0 -5.584839e-13 0.000000e+00
2 24 5.229930e-04 8.288880e-04 0 0 0 0 -2.305045e-13 0.000000e+00
2 25 5.229930e-04 1.043508e-03 0 0 0 0 3.247877e-13 0.000000e+00
2 26 5.229930e-04 1.313699e-03 0 0 0 0 7.938235e-13 0.000000e+00
2 27 5.229930e-04 1.653849e-03 0 0 0 0 1.119647e-12 0.000000e+00
2 28 5.229930e-04 2.082073e-03 0 0 0 0 1.324588e-12 0.000000e+00
2 29 5.229930e-04 2.621174e-03 0 0 0 0 1.446683e-12 0.000000e+00
2 30 5.229930e-04 3.299863e-03 0 0 0 0 1.520485e-12 0.000000e+00
2 31 5.229930e-04 4.154281e-03 0 0 0 0 1.574324e-12 0.000000e+00
2 32 5.229930e-04 5.229930e-03 0 0 0 0 1.631921e-12 0.000000e+00
2 33 5.229930e-04 6.584091e-03 0 0 0 0 1.714214e-12 0.000000e+00
2 34 5.229930e-04 8.288880e-03 0 0 0 0 1.840288e-12 0.000000e+00
2 35 5.229930e-04 1.043508e-02 0 0 0 0 2.027306e-12 0.000000e+00
2 36 5.229930e-04 1.313699e-02 0 0 0 0 2.289016e-12 0.000000e+00
2 37 5.229930e-04 1.653849e-02 0 0 0 0 2.632844e-12 0.000000e+00
2 38 5.229930e-04 2.082073e-02 0 0 0 0 3.055467e-12 0.000000e+00
2 39 5.229930e-04 2.621174e-02 0 0 0 0 3.537247e-12 0.000000e+00
3 20 6.584091e-04 3.299863e-04 0 0 0 0 -1.795047e-14 0.000000e+00
3 21 6.584091e-04 4.154281e-04 0 0 0 0 5.554719e-15 0.000000e+00
3 22 6.584091e-04 5.229930e-04 0 0 0 0 -4.151678e-16 0.000000e+00
3 23 6.584091e-04 6.584091e-04 0 0 0 0 -1.945396e-13 0.000000e+00
3 24 6.584091e-04 8.288880e-04 0 0 0 0 -5.619099e-13 0.000000e+00
3 25 6.584091e-04 1.043508e-03 0 0 0 0 -2.296137e-13 0.000000e+00
3 26 6.584091e-04 1.313699e-03 0 0 0 0 3.182556e-13 0.000000e+00
3 27 6.584091e-04 1.653849e-03 0 0 0 0 7.767189e-13 0.000000e+00
3 28 6.584091e-04 2.082073e-03 0 0 0 0 1.094675e-12 0.000000e+00
3 29 6.584091e-04 2.621174e-03 0 0 0 0 1.297856e-12 0.000000e+00
3 30 6.584091e-04 3.299863e-03 0 0 0 0 1.425677e-12 0.000000e+00
3 31 6.584091e-04 4.154281e-03 0 0 0 0 1.514118e-12 0.000000e+00
3 32 6.584091e-04 5.229930e-03 0 0 0 0 1.593395e-12 0.000000e+00
3 33 6.584091e-04 6.584091e-03 0 0 0 0 1.689113e-12 0.000000e+00
3 34 6.584091e-04 8.288880e-03 0 0 0 0 1.823505e-12 0.000000e+00
3 35 6.584091e-04 1.043508e-02 0 0 0 0 2.015725e-12 0.000000e+00
3 36 6.584091e-04 1.313699e-02 0 0 0 0 2.280776e-12 0.000000e+00
3 37 6.584091e-04 1.653849e-02 0 0 0 0 2.626830e-12 0.000000e+00
3 38 6.584091e-04 2.082073e-02 0 0 0 0 3.051010e-12 0.000000e+00
3 39 6.584091e-04 2.621174e-02 0 0 0 0 3.533934e-12 0.000000e+00
4 20 8.288880e-04 3.299863e-04 0 0 0 0 -1.811774e-14 0.000000e+00
4 21 8.288880e-04 4.154281e-04 0 0 0 0 4.652435e-15 0.000000e+00
4 22 8.288880e-04 5.229930e-04 0 0 0 0 1.460245e-15 0.000000e+00
4 23 8.288880e-04 6.584091e-04 0 0 0 0 4.307000e-15 0.000000e+00
4 24 8.288880e-04 8.288880e-04 0 0 0 0 -1.884132e-13 0.000000e+00
4 25 8.288880e-04 1.043508e-03 0 0 0 0 -5.590697e-13 0.000000e+00
4 26 8.288880e-04 1.313699e-03 0 0 0 0 -2.264186e-13 0.000000e+00
4 27 8.288880e-04 1.653849e-03 0 0 0 0 3.125921e-13 0.000000e+00
4 28 8.288880e-04 2.082073e-03 0 0 0 0 7.606776e-13 0.000000e+00
4 29 8.288880e-04 2.621174e-03 0 0 0 0 1.073710e-12 0.000000e+00
4 30 8.288880e-04 3.299863e-03 0 0 0 0 1.279986e-12 0.000000e+00
4 31 8.288880e-04 4.154281e-03 0 0 0 0 1.420508e-12 0.000000e+00
4 32 8.288880e-04 5.229930e-03 0 0 0 0 1.533060e-12 0.000000e+00
4 33 8.288880e-04 6.584091e-03 0 0 0 0 1.649638e-12 0.000000e+00
4 34 8.288880e-04 8.288880e-03 0 0 0 0 1.797035e-12 0.000000e+00
4 35 8.288880e-04 1.043508e-02 0 0 0 0 1.997431e-12 0.000000e+00
4 36 8.288880e-04 1.313699e-02 0 0 0 0 2.267745e-12 0.000000e+00
4 37 8.288880e-04 1.653849e-02 0 0 0 0 2.617310e-12 0.000000e+00
4 38 8.288880e-04 2.082073e-02 0 0 0 0 3.043953e-12 0.000000e+00
4 39 8.288880e-04 2.621174e-02 0 0 0 0 3.528688e-12 0.000000e+00
5 20 1.043508e-03 3.299863e-04 0 0 0 0 -1.854805e-14 0.000000e+00
5 21 1.043508e-03 4.154281e-04 0 0 0 0 4.271860e-15 0.000000e+00
5 22 1.043508e-03 5.229930e-04 0 0 0 0 2.777508e-16 0.000000e+00
5 23 1.043508e-03 6.584091e-04 0 0 0 0 3.131101e-15 0.000000e+00
5 24 1.043508e-03 8.288880e-04 0 0 0 0 6.221343e-15 0.000000e+00
5 25 1.043508e-03 1.043508e-03 0 0 0 0 -1.803885e-13 0.000000e+00
5 26 1.043508e-03 1.313699e-03 0 0 0 0 -5.522257e-13 0.000000e+00
5 27 1.043508e-03 1.653849e-03 0 0 0 0 -2.205024e-13 0.000000e+00
5 28 1.043508e-03 2.082073e-03 0 0 0 0 3.083369e-13 0.000000e+00
5 29 1.043508e-03 2.621174e-03 0 0 0 0 7.480718e-13 0.000000e+00
5 30 1.043508e-03 3.299863e-03 0 0 0 0 1.060585e-12 0.000000e+00
5 31 1.043508e-03 4.154281e-03 0 0 0 0 1.276680e-12 0.000000e+00
5 32 1.043508e-03 5.229930e-03 0 0 0 0 1.439275e-12 0.000000e+00
5 33 1.043508e-03 6.584091e-03 0 0 0 0 1.587840e-12 0.000000e+00
5 34 1.043508e-03 8.288880e-03 0 0 0 0 1.755415e-12 0.000000e+00
5 35 1.043508e-03 1.043508e-02 0 0 0 0 1.968588e-12 0.000000e+00
5 36 1.043508e-03 1.313699e-02 0 0 0 0 2.247159e-12 0.000000e+00
5 37 1.043508e-03 1.653849e-02 0 0 0 0 2.602256e-12 0.000000e+00
5 38 1.043508e-03 2.082073e-02 0 0 0 0 3.032783e-12 0.000000e+00
5 39 1.043508e-03 2.621174e-02 0 0 0 0 3.520381e-12 0.000000e+00
6 20 1.313699e-03 3.299863e-04 0 0 0 0 -1.876332e-14 0.000000e+00
6 21 1.313699e-03 4.154281e-04 0 0 0 0 4.036312e-15 0.000000e+00
6 22 1.313699e-03 5.229930e-04 0 0 0 0 -3.267953e-16 0.000000e+00
6 23 1.313699e-03 6.584091e-04 0 0 0 0 1.414619e-15 0.000000e+00
6 24 1.313699e-03 8.288880e-04 0 0 0 0 2.708939e-15 0.000000e+00
6 25 1.313699e-03 1.043508e-03 0 0 0 0 8.651132e-15 0.000000e+00
6 26 1.313699e-03 1.313699e-03 0 0 0 0 -1.729493e-13 0.000000e+00
6 27 1.313699e-03 1.653849e-03 0 0 0 0 -5.414751e-13 0.000000e+00
6 28 1.313699e-03 2.082073e-03 0 0 0 0 -2.122570e-13 0.000000e+00
6 29 1.313699e-03 2.621174e-03 0 0 0 0 3.068583e-13 0.000000e+00
6 30 1.313699e-03 3.299863e-03 0 0 0 0 7.418469e-13 0.000000e+00
6 31 1.313699e-03 4.154281e-03 0 0 0 0 1.060141e-12 0.000000e+00
6 32 1.313699e-03 5.229930e-03 0 0 0 0 1.295235e-12 0.000000e+00
6 33 1.313699e-03 6.584091e-03 0 0 0 0 1.491816e-12 0.000000e+00
6 34 1.313699e-03 8.288880e-03 0 0 0 0 1.690283e-12 0.000000e+00
6 35 1.313699e-03 1.043508e-02 0 0 0 0 1.923249e-12 0.000000e+00
6 36 1.313699e-03 1.313699e-02 0 0 0 0 2.214705e-12 0.000000e+00
6 37 1.313699e-03 1.653849e-02 0 0 0 0 2.578480e-12 0.000000e+00
6 38 1.313699e-03 2.082073e-02 0 0 0 0 3.015119e-12 0.000000e+00
6 39 1.313699e-03 2.621174e-02 0 0 0 0 3.507237e-12 0.000000e+00
7 20 1.653849e-03 3.299863e-04 0 0 0 0 -1.868256e-14 0.000000e+00
7 21 1.653849e-03 4.154281e-04 0 0 0 0 3.945347e-15 0.000000e+00
7 22 1.653849e-03 5.229930e-04 0 0 0 0 -5.676120e-16 0.000000e+00
7 23 1.653849e-03 6.584091e-04 0 0 0 0 7.956045e-16 0.000000e+00
7 24 1.653849e-03 8.288880e-04 0 0 0 0 7.219369e-16 0.000000e+00
7 25 1.653849e-03 1.043508e-03 0 0 0 0 3.171992e-15 0.000000e+00
7 26 1.653849e-03 1.313699e-03 0 0 0 0 9.678206e-15 0.000000e+00
7 27 1.653849e-03 1.653849e-03 0 0 0 0 -1.652974e-13 0.000000e+00
7 28 1.653849e-03 2.082073e-03 0 0 0 0 -5.279201e-13 0.000000e+00
7 29 1.653849e-03 2.621174e-03 0 0 0 0 -2.016278e-13 0.000000e+00
7 30 1.653849e-03 3.299863e-03 0 0 0 0 3.099390e-13 0.000000e+00
7 31 1.653849e-03 4.154281e-03 0 0 0 0 7.456692e-13 0.000000e+00
7 32 1.653849e-03 5.229930e-03 0 0 0 0 1.078502e-12 0.000000e+00
7 33 1.653849e-03 6.584091e-03 0 0 0 0 1.344437e-12 0.000000e+00
7 34 1.653849e-03 8.288880e-03 0 0 0 0 1.589138e-12 0.000000e+00
7 35 1.653849e-03 1.043508e-02 0 0 0 0 1.852328e-12 0.000000e+00
7 36 1.653849e-03 1.313699e-02 0 0 0 0 2.163707e-12 0.000000e+00
7 37 1.653849e-03 1.653849e-02 0 0 0 0 2.541006e-12 0.000000e+00
7 38 1.653849e-03 2.082073e-02 0 0 0 0 2.987224e-12 0.000000e+00
7 39 1.653849e-03 2.621174e-02 0 0 0 0 3.486453e-12 0.000000e+00
8 20 2.082073e-03 3.299863e-04 0 0 0 0 -1.867611e-14 0.000000e+00
8 21 2.082073e-03 4.154281e-04 0 0 0 0 3.911120e-15 0.000000e+00
8 22 2.082073e-03 5.229930e-04 0 0 0 0 -6.517894e-16 0.000000e+00
8 23 2.082073e-03 6.584091e-04 0 0 0 0 5.732475e-16 0.000000e+00
8 24 2.082073e-03 8.288880e-04 0 0 0 0 7.595382e-17 0.000000e+00
8 25 2.082073e-03 1.043508e-03 0 0 0 0 1.169515e-15 0.000000e+00
8 26 2.082073e-03 1.313699e-03 0 0 0 0 2.938977e-15 0.000000e+00
8 27 2.082073e-03 1.653849e-03 0 0 0 0 1.040600e-14 0.000000e+00
8 28 2.082073e-03 2.082073e-03 0 0 0 0 -1.580358e-13 0.000000e+00
8 29 2.082073e-03 2.621174e-03 0 0 0 0 -5.122396e-13 0.000000e+00
8 30 2.082073e-03 3.299863e-03 0 0 0 0 -1.882999e-13 0.000000e+00
8 31 2.082073e-03 4.154281e-03 0 0 0 0 3.196737e-13 0.000000e+00
8 32 2.082073e-03 5.229930e-03 0 0 0 0 7.640036e-13 0.000000e+00
8 33 2.082073e-03 6.584091e-03 0 0 0 0 1.122904e-12 0.000000e+00
8 34 2.082073e-03 8.288880e-03 0 0 0 0 1.434047e-12 0.000000e+00
8 35 2.082073e-03 1.043508e-02 0 0 0 0 1.742277e-12 0.000000e+00
8 36 2.082073e-03 1.313699e-02 0 0 0 0 2.083975e-12 0.000000e+00
8 37 2.082073e-03 1.653849e-02 0 0 0 0 2.482133e-12 0.000000e+00
8 38 2.082073e-03 2.082073e-02 0 0 0 0 2.943265e-12 0.000000e+00
8 39 2.082073e-03 2.621174e-02 0 0 0 0 3.453629e-12 0.000000e+00
9 20 2.621174e-03 3.299863e-04 0 0 0 0 -1.868675e-14 0.000000e+00
9 21 2.621174e-03 4.154281e-04 0 0 0 0 3.900452e-15 0.000000e+00
9 22 2.621174e-03 5.229930e-04 0 0 0 0 -6.840071e-16 0.000000e+00
9 23 2.621174e-03 6.584091e-04 0 0 0 0 4.848228e-16 0.000000e+00
9 24 2.621174e-03 8.288880e-04 0 0 0 0 -1.494467e-16 0.000000e+00
9 25 2.621174e-03 1.043508e-03 0 0 0 0 5.238066e-16 0.000000e+00
9 26 2.621174e-03 1.313699e-03 0 0 0 0 9.178967e-16 0.000000e+00
9 27 2.621174e-03 1.653849e-03 0 0 0 0 2.908293e-15 0.000000e+00
9 28 2.621174e-03 2.082073e-03 0 0 0 0 1.063319e-14 0.000000e+00
9 29 2.621174e-03 2.621174e-03 0 0 0 0 -1.513807e-13 0.000000e+00
9 30 2.621174e-03 3.299863e-03 0 0 0 0 -4.952320e-13 0.000000e+00
9 31 2.621174e-03 4.154281e-03 0 0 0 0 -1.720025e-13 0.000000e+00
9 32 2.621174e-03 5.229930e-03 0 0 0 0 3.383854e-13 0.000000e+00
9 33 2.621174e-03 6.584091e-03 0 0 0 0 8.019190e-13 0.000000e+00
9 34 2.621174e-03 8.288880e-03 0 0 0 0 1.201260e-12 0.000000e+00
9 35 2.621174e-03 1.043508e-02 0 0 0 0 1.573722e-12 0.000000e+00
9 36 2.621174e-03 1.313699e-02 0 0 0 0 1.960345e-12 0.000000e+00
9 37 2.621174e-03 1.653849e-02 0 0 0 0 2.390131e-12 0.000000e+00
9 38 2.621174e-03 2.082073e-02 0 0 0 0 2.874221e-12 0.000000e+00
9 39 2.621174e-03 2.621174e-02 0 0 0 0 3.401905e-12 0.000000e+00
10 20 3.299863e-03 3.299863e-04 0 0 0 0 -1.869210e-14 0.000000e+00
10 21 3.299863e-03 4.154281e-04 0 0 0 0 3.895134e-15 0.000000e+00
10 22 3.299863e-03 5.229930e-04 0 0 0 0 -6.970515e-16 0.000000e+00
10 23 3.299863e-03 6.584091e-04 0 0 0 0 4.519482e-16 0.000000e+00
10 24 3.299863e-03 8.288880e-04 0 0 0 0 -2.314856e-16 0.000000e+00
10 25 3.299863e-03 1.043508e-03 0 0 0 0 2.926897e-16 0.000000e+00
10 26 3.299863e-03 1.313699e-03 0 0 0 0 2.619747e-16 0.000000e+00
10 27 3.299863e-03 1.653849e-03 0 0 0 0 8.641149e-16 0.000000e+00
10 28 3.299863e-03 2.082073e-03 0 0 0 0 2.673868e-15 0.000000e+00
10 29 3.299863e-03 2.621174e-03 0 0 0 0 1.027696e-14 0.000000e+00
10 30 3.299863e-03 3.299863e-03 0 0 0 0 -1.458052e-13 0.000000e+00
10 31 3.299863e-03 4.154281e-03 0 0 0 0 -4.780546e-13 0.000000e+00
10 32 3.299863e-03 5.229930e-03 0 0 0 0 -1.527636e-13 0.000000e+00
10 33 3.299863e-03 6.584091e-03 0 0 0 0 3.683752e-13 0.000000e+00
10 34 3.299863e-03 8.288880e-03 0 0 0 0 8.647170e-13 0.000000e+00
10 35 3.299863e-03 1.043508e-02 0 0 0 0 1.321189e-12 0.000000e+00
10 36 3.299863e-03 1.313699e-02 0 0 0 0 1.771229e-12 0.000000e+00
10 37 3.299863e-03 1.653849e-02 0 0 0 0 2.247576e-12 0.000000e+00
10 38 3.299863e-03 2.082073e-02 0 0 0 0 2.766361e-12 0.000000e+00
10 39 3.299863e-03 2.621174e-02 0 0 0 0 3.320677e-12 0.000000e+00
11 20 4.154281e-03 3.299863e-04 0 0 0 0 -1.868612e-14 0.000000e+00
11 21 4.154281e-03 4.154281e-04 0 0 0 0 3.892594e-15 0.000000e+00
11 22 4.154281e-03 5.229930e-04 0 0 0 0 -7.032698e-16 0.000000e+00
11 23 4.154281e-03 6.584091e-04 0 0 0 0 4.383260e-16 0.000000e+00
11 24 4.154281e-03 8.288880e-04 0 0 0 0 -2.641542e-16 0.000000e+00
11 25 4.154281e-03 1.043508e-03 0 0 0 0 2.059374e-16 0.000000e+00
11 26 4.154281e-03 1.313699e-03 0 0 0 0 2.869440e-17 0.000000e+00
11 27 4.154281e-03 1.653849e-03 0 0 0 0 2.073826e-16 0.000000e+00
11 28 4.154281e-03 2.082073e-03 0 0 0 0 6.280935e-16 0.000000e+00
11 29 4.154281e-03 2.621174e-03 0 0 0 0 2.086237e-15 0.000000e+00
11 30 4.154281e-03 3.299863e-03 0 0 0 0 9.015734e-15 0.000000e+00
11 31 4.154281e-03 4.154281e-03 0 0 0 0 -1.422330e-13 0.000000e+00
11 32 4.154281e-03 5.229930e-03 0 0 0 0 -4.624379e-13 0.000000e+00
11 33 4.154281e-03 6.584091e-03 0 0 0 0 -1.312242e-13 0.000000e+00
11 34 4.154281e-03 8.288880e-03 0 0 0 0 4.115882e-13 0.000000e+00
11 35 4.154281e-03 1.043508e-02 0 0 0 0 9.571323e-13 0.000000e+00
11 36 4.154281e-03 1.313699e-02 0 0 0 0 1.488452e-12 0.000000e+00
11 37 4.154281e-03 1.653849e-02 0 0 0 0 2.029764e-12 0.000000e+00
11 38 4.154281e-03 2.082073e-02 0 0 0 0 2.599334e-12 0.000000e+00
11 39 4.154281e-03 2.621174e-02 0 0 0 0 3.193812e-12 0.000000e+00
12 20 5.229930e-03 3.299863e-04 0 0 0 0 -1.866205e-14 0.000000e+00
12 21 5.229930e-03 4.154281e-04 0 0 0 0 3.889542e-15 0.000000e+00
12 22 5.229930e-03 5.229930e-04 0 0 0 0 -7.065727e-16 0.000000e+00
12 23 5.229930e-03 6.584091e-04 0 0 0 0 4.354921e-16 0.000000e+00
12 24 5.229930e-03 8.288880e-04 0 0 0 0 -2.774085e-16 0.000000e+00
12 25 5.229930e-03 1.043508e-03 0 0 0 0 1.775761e-16 0.000000e+00
12 26 5.229930e-03 1.313699e-03 0 0 0 0 -4.728963e-17 0.000000e+00
12 27 5.229930e-03 1.653849e-03 0 0 0 0 -5.796769e-19 0.000000e+00
12 28 5.229930e-03 2.082073e-03 0 0 0 0 2.470517e-17 0.000000e+00
12 29 5.229930e-03 2.621174e-03 0 0 0 0 1.534495e-16 0.000000e+00
12 30 5.229930e-03 3.299863e-03 0 0 0 0 9.383419e-16 0.000000e+00
12 31 5.229930e-03 4.154281e-03 0 0 0 0 6.289172e-15 0.000000e+00
12 32 5.229930e-03 5.229930e-03 0 0 0 0 -1.420578e-13 0.000000e+00
12 33 5.229930e-03 6.584091e-03 0 0 0 0 -4.509507e-13 0.000000e+00
12 34 5.229930e-03 8.288880e-03 0 0 0 0 -1.089656e-13 0.000000e+00
12 35 5.229930e-03 1.043508e-02 0 0 0 0 4.690301e-13 0.000000e+00
12 36 5.229930e-03 1.313699e-02 0 0 0 0 1.082085e-12 0.000000e+00
12 37 5.229930e-03 1.653849e-02 0 0 0 0 1.704688e-12 0.000000e+00
12 38 5.229930e-03 2.082073e-02 0 0 0 0 2.344370e-12 0.000000e+00
12 39 5.229930e-03 2.621174e-02 0 0 0 0 2.997427e-12 0.000000e+00
13 20 6.584091e-03 3.299863e-04 0 0 0 0 -1.863356e-14 0.000000e+00
13 21 6.584091e-03 4.154281e-04 0 0 0 0 3.890614e-15 0.000000e+00
13 22 6.584091e-03 5.229930e-04 0 0 0 0 -7.099114e-16 0.000000e+00
13 23 6.584091e-03 6.584091e-04 0 0 0 0 4.332362e-16 0.000000e+00
13 24 6.584091e-03 8.288880e-04 0 0 0 0 -2.782709e-16 0.000000e+00
13 25 6.584091e-03 1.043508e-03 0 0 0 0 1.705901e-16 0.000000e+00
13 26 6.584091e-03 1.313699e-03 0 0 0 0 -6.420645e-17 0.000000e+00
13 27 6.584091e-03 1.653849e-03 0 0 0 0 -4.896174e-17 0.000000e+00
13 28 6.584091e-03 2.082073e-03 0 0 0 0 -1.152754e-16 0.000000e+00
13 29 6.584091e-03 2.621174e-03 0 0 0 0 -2.829310e-16 0.000000e+00
13 30 6.584091e-03 3.299863e-03 0 0 0 0 -6.070783e-16 0.000000e+00
13 31 6.584091e-03 4.154281e-03 0 0 0 0 -1.005436e-15 0.000000e+00
13 32 6.584091e-03 5.229930e-03 0 0 0 0 1.431485e-15 0.000000e+00
13 33 6.584091e-03 6.584091e-03 0 0 0 0 -1.472114e-13 0.000000e+00
13 34 6.584091e-03 8.288880e-03 0 0 0 0 -4.472334e-13 0.000000e+00
13 35 6.584091e-03 1.043508e-02 0 0 0 0 -8.887704e-14 0.000000e+00
13 36 6.584091e-03 1.313699e-02 0 0 0 0 5.399543e-13 0.000000e+00
13 37 6.584091e-03 1.653849e-02 0 0 0 0 1.238980e-12 0.000000e+00
13 38 6.584091e-03 2.082073e-02 0 0 0 0 1.964445e-12 0.000000e+00
13 39 6.584091e-03 2.621174e-02 0 0 0 0 2.697835e-12 0.000000e+00
14 20 8.288880e-03 3.299863e-04 0 0 0 0 -1.859300e-14 0.000000e+00
14 21 8.288880e-03 4.154281e-04 0 0 0 0 3.883865e-15 0.000000e+00
14 22 8.288880e-03 5.229930e-04 0 0 0 0 -7.150623e-16 0.000000e+00
14 23 8.288880e-03 6.584091e-04 0 0 0 0 4.346617e-16 0.000000e+00
14 24 8.288880e-03 8.288880e-04 0 0 0 0 -2.777607e-16 0.000000e+00
14 25 8.288880e-03 1.043508e-03 0 0 0 0 1.708845e-16 0.000000e+00
14 26 8.288880e-03 1.313699e-03 0 0 0 0 -6.291005e-17 0.000000e+00
14 27 8.288880e-03 1.653849e-03 0 0 0 0 -4.732975e-17 0.000000e+00
14 28 8.288880e-03 2.082073e-03 0 0 0 0 -1.127255e-16 0.000000e+00
14 29 8.288880e-03 2.621174e-03 0 0 0 0 -2.945098e-16 0.000000e+00
14 30 8.288880e-03 3.299863e-03 0 0 0 0 -7.192930e-16 0.000000e+00
14 31 8.288880e-03 4.154281e-03 0 0 0 0 -1.741265e-15 0.000000e+00
14 32 8.288880e-03 5.229930e-03 0 0 0 0 -3.960815e-15 0.000000e+00
14 33 8.288880e-03 6.584091e-03 0 0 0 0 -6.302294e-15 0.000000e+00
14 34 8.288880e-03 8.288880e-03 0 0 0 0 -1.601331e-13 0.000000e+00
14 35 8.288880e-03 1.043508e-02 0 0 0 0 -4.561507e-13 0.000000e+00
14 36 8.288880e-03 1.313699e-02 0 0 0 0 -7.549101e-14 0.000000e+00
14 37 8.288880e-03 1.653849e-02 0 0 0 0 6.208604e-13 0.000000e+00
14 38 8.288880e-03 2.082073e-02 0 0 0 0 1.421610e-12 0.000000e+00
14 39 8.288880e-03 2.621174e-02 0 0 0 0 2.251895e-12 0.000000e+00
15 20 1.043508e-02 3.299863e-04 0 0 0 0 -1.852489e-14 0.000000e+00
15 21 1.043508e-02 4.154281e-04 0 0 0 0 3.877510e-15 0.000000e+00
15 22 1.043508e-02 5.229930e-04 0 0 0 0 -7.226348e-16 0.000000e+00
15 23 1.043508e-02 6.584091e-04 0 0 0 0 4.334195e-16 0.000000e+00
15 24 1.043508e-02 8.288880e-04 0 0 0 0 -2.768544e-16 0.000000e+00
15 25 1.043508e-02 1.043508e-03 0 0 0 0 1.741147e-16 0.000000e+00
15 26 1.043508e-02 1.313699e-03 0 0 0 0 -5.749473e-17 0.000000e+00
15 27 1.043508e-02 1.653849e-03 0 0 0 0 -3.317548e-17 0.000000e+00
15 28 1.043508e-02 2.082073e-03 0 0 0 0 -7.869679e-17 0.000000e+00
15 29 1.043508e-02 2.621174e-03 0 0 0 0 -2.125306e-16 0.000000e+00
15 30 1.043508e-02 3.299863e-03 0 0 0 0 -5.260691e-16 0.000000e+00
15 31 1.043508e-02 4.154281e-03 0 0 0 0 -1.323591e-15 0.000000e+00
15 32 1.043508e-02 5.229930e-03 0 0 0 0 -3.310409e-15 0.000000e+00
15 33 1.043508e-02 6.584091e-03 0 0 0 0 -8.127056e-15 0.000000e+00
15 34 1.043508e-02 8.288880e-03 0 0 0 0 -1.763143e-14 0.000000e+00
15 35 1.043508e-02 1.043508e-02 0 0 0 0 -1.836311e-13 0.000000e+00
15 36 1.043508e-02 1.313699e-02 0 0 0 0 -4.837490e-13 0.000000e+00
15 37 1.043508e-02 1.653849e-02 0 0 0 0 -7.520981e-14 0.000000e+00
15 38 1.043508e-02 2.082073e-02 0 0 0 0 7.045145e-13 0.000000e+00
15 39 1.043508e-02 2.621174e-02 0 0 0 0 1.616003e-12 0.000000e+00
16 20 1.313699e-02 3.299863e-04 0 0 0 0 -1.841931e-14 0.000000e+00
16 21 1.313699e-02 4.154281e-04 0 0 0 0 3.868120e-15 0.000000e+00
16 22 1.313699e-02 5.229930e-04 0 0 0 0 -7.300384e-16 0.000000e+00
16 23 1.313699e-02 6.584091e-04 0 0 0 0 4.378037e-16 0.000000e+00
16 24 1.313699e-02 8.288880e-04 0 0 0 0 -2.723949e-16 0.000000e+00
16 25 1.313699e-02 1.043508e-03 0 0 0 0 1.756844e-16 0.000000e+00
16 26 1.313699e-02 1.313699e-03 0 0 0 0 -5.329513e-17 0.000000e+00
16 27 1.313699e-02 1.653849e-03 0 0 0 0 -2.009643e-17 0.000000e+00
16 28 1.313699e-02 2.082073e-03 0 0 0 0 -4.725765e-17 0.000000e+00
16 29 1.313699e-02 2.621174e-03 0 0 0 0 -1.321146e-16 0.000000e+00
16 30 1.313699e-02 3.299863e-03 0 0 0 0 -3.260562e-16 0.000000e+00
16 31 1.313699e-02 4.154281e-03 0 0 0 0 -8.259144e-16 0.000000e+00
16 32 1.313699e-02 5.229930e-03 0 0 0 0 -2.093849e-15 0.000000e+00
16 33 1.313699e-02 6.584091e-03 0 0 0 0 -5.335440e-15 0.000000e+00
16 34 1.313699e-02 8.288880e-03 0 0 0 0 -1.360178e-14 0.000000e+00
16 35 1.313699e-02 1.043508e-02 0 0 0 0 -3.308580e-14 0.000000e+00
16 36 1.313699e-02 1.313699e-02 0 0 0 0 -2.205618e-13 0.000000e+00
16 37 1.313699e-02 1.653849e-02 0 0 0 0 -5.368624e-13 0.000000e+00
16 38 1.313699e-02 2.082073e-02 0 0 0 0 -9.613145e-14 0.000000e+00
16 39 1.313699e-02 2.621174e-02 0 0 0 0 7.792550e-13 0.000000e+00
17 20 1.653849e-02 3.299863e-04 0 0 0 0 -1.825823e-14 0.000000e+00
17 21 1.653849e-02 4.154281e-04 0 0 0 0 3.850237e-15 0.000000e+00
17 22 1.653849e-02 5.229930e-04 0 0 0 0 -7.463500e-16 0.000000e+00
17 23 1.653849e-02 6.584091e-04 0 0 0 0 4.363709e-16 0.000000e+00
17 24 1.653849e-02 8.288880e-04 0 0 0 0 -2.724967e-16 0.000000e+00
17 25 1.653849e-02 1.043508e-03 0 0 0 0 1.764053e-16 0.000000e+00
17 26 1.653849e-02 1.313699e-03 0 0 0 0 -4.892594e-17 0.000000e+00
17 27 1.653849e-02 1.653849e-03 0 0 0 0 -1.120846e-17 0.000000e+00
17 28 1.653849e-02 2.082073e-03 0 0 0 0 -2.497685e-17 0.000000e+00
17 29 1.653849e-02 2.621174e-03 0 0 0 0 -7.527049e-17 0.000000e+00
17 30 1.653849e-02 3.299863e-03 0 0 0 0 -1.833916e-16 0.000000e+00
17 31 1.653849e-02 4.154281e-03 0 0 0 0 -4.636729e-16 0.000000e+00
17 32 1.653849e-02 5.229930e-03 0 0 0 0 -1.176127e-15 0.000000e+00
17 33 1.653849e-02 6.584091e-03 0 0 0 0 -3.005622e-15 0.000000e+00
17 34 1.653849e-02 8.288880e-03 0 0 0 0 -7.756640e-15 0.000000e+00
17 35 1.653849e-02 1.043508e-02 0 0 0 0 -2.027857e-14 0.000000e+00
17 36 1.653849e-02 1.313699e-02 0 0 0 0 -5.270941e-14 0.000000e+00
17 37 1.653849e-02 1.653849e-02 0 0 0 0 -2.731814e-13 0.000000e+00
17 38 1.653849e-02 2.082073e-02 0 0 0 0 -6.221790e-13 0.000000e+00
17 39 1.653849e-02 2.621174e-02 0 0 0 0 -1.470736e-13 0.000000e+00
18 20 2.082073e-02 3.299863e-04 0 0 0 0 -1.801278e-14 0.000000e+00
18 21 2.082073e-02 4.154281e-04 0 0 0 0 3.822683e-15 0.000000e+00
18 22 2.082073e-02 5.229930e-04 0 0 0 0 -7.683643e-16 0.000000e+00
18 23 2.082073e-02 6.584091e-04 0 0 0 0 4.372488e-16 0.000000e+00
18 24 2.082073e-02 8.288880e-04 0 0 0 0 -2.692181e-16 0.000000e+00
18 25 2.082073e-02 1.043508e-03 0 0 0 0 1.762633e-16 0.000000e+00
18 26 2.082073e-02 1.313699e-03 0 0 0 0 -4.832355e-17 0.000000e+00
18 27 2.082073e-02 1.653849e-03 0 0 0 0 -5.972699e-18 0.000000e+00
18 28 2.082073e-02 2.082073e-03 0 0 0 0 -1.024278e-17 0.000000e+00
18 29 2.082073e-02 2.621174e-03 0 0 0 0 -3.997589e-17 0.000000e+00
18 30 2.082073e-02 3.299863e-03 0 0 0 0 -9.391552e-17 0.000000e+00
18 31 2.082073e-02 4.154281e-03 0 0 0 0 -2.379142e-16 0.000000e+00
18 32 2.082073e-02 5.229930e-03 0 0 0 0 -6.030537e-16 0.000000e+00
18 33 2.082073e-02 6.584091e-03 0 0 0 0 -1.538565e-15 0.000000e+00
18 34 2.082073e-02 8.288880e-03 0 0 0 0 -3.962566e-15 0.000000e+00
18 35 2.082073e-02 1.043508e-02 0 0 0 0 -1.035436e-14 0.000000e+00
18 36 2.082073e-02 1.313699e-02 0 0 0 0 -2.767473e-14 0.000000e+00
18 37 2.082073e-02 1.653849e-02 0 0 0 0 -7.565399e-14 0.000000e+00
18 38 2.082073e-02 2.082073e-02 0 0 0 0 -3.420716e-13 0.000000e+00
18 39 2.082073e-02 2.621174e-02 0 0 0 0 -7.437851e-13 0.000000e+00
19 20 2.621174e-02 3.299863e-04 0 0 0 0 -1.764448e-14 0.000000e+00
19 21 2.621174e-02 4.154281e-04 0 0 0 0 3.779922e-15 0.000000e+00
19 22 2.621174e-02 5.229930e-04 0 0 0 0 -7.991541e-16 0.000000e+00
19 23 2.621174e-02 6.584091e-04 0 0 0 0 4.383899e-16 0.000000e+00
19 24 2.621174e-02 8.288880e-04 0 0 0 0 -2.637667e-16 0.000000e+00
19 25 2.621174e-02 1.043508e-03 0 0 0 0 1.781270e-16 0.000000e+00
19 26 2.621174e-02 1.313699e-03 0 0 0 0 -4.451988e-17 0.000000e+00
19 27 2.621174e-02 1.653849e-03 0 0 0 0 -8.267025e-19 0.000000e+00
19 28 2.621174e-02 2.082073e-03 0 0 0 0 -2.944020e-18 0.000000e+00
19 29 2.621174e-02 2.621174e-03 0 0 0 0 -2.095622e-17 0.000000e+00
19 30 2.621174e-02 3.299863e-03 0 0 0 0 -4.425757e-17 0.000000e+00
19 31 2.621174e-02 4.154281e-03 0 0 0 0 -1.130336e-16 0.000000e+00
19 32 2.621174e-02 5.229930e-03 0 0 0 0 -2.843265e-16 0.000000e+00
19 33 2.621174e-02 6.584091e-03 0 0 0 0 -7.232680e-16 0.000000e+00
19 34 2.621174e-02 8.288880e-03 0 0 0 0 -1.852581e-15 0.000000e+00
19 35 2.621174e-02 1.043508e-02 0 0 0 0 -4.801173e-15 0.000000e+00
19 36 2.621174e-02 1.313699e-02 0 0 0 0 -1.268678e-14 0.000000e+00
19 37 2.621174e-02 1.653849e-02 0 0 0 0 -3.462044e-14 0.000000e+00
19 38 2.621174e-02 2.082073e-02 0 0 0 0 -9.904642e-14 0.000000e+00
19 39 2.621174e-02 2.621174e-02 0 0 0 0 -4.229356e-13 0.000000e+00
