# Please cite the following papers in research using this covariance:
# arXiv: 1601.05779, https://arxiv.org/abs/1601.05779
# arXiv: 1911.11947, https://arxiv.org/abs/1911.11947
# arXiv: 2004.04833, https://arxiv.org/abs/2004.04833
########################################################
40 40 3.299863e-04 3.299863e-04 0 0 0 0 3.156647e-10 0.000000e+00
40 41 3.299863e-04 4.154281e-04 0 0 0 0 7.143114e-11 0.000000e+00
40 42 3.299863e-04 5.229930e-04 0 0 0 0 4.511085e-11 0.000000e+00
40 43 3.299863e-04 6.584091e-04 0 0 0 0 2.875169e-11 0.000000e+00
40 44 3.299863e-04 8.288880e-04 0 0 0 0 1.859847e-11 0.000000e+00
40 45 3.299863e-04 1.043508e-03 0 0 0 0 1.215609e-11 0.000000e+00
40 46 3.299863e-04 1.313699e-03 0 0 0 0 8.005651e-12 0.000000e+00
40 47 3.299863e-04 1.653849e-03 0 0 0 0 5.329530e-12 0.000000e+00
40 48 3.299863e-04 2.082073e-03 0 0 0 0 3.591214e-12 0.000000e+00
40 49 3.299863e-04 2.621174e-03 0 0 0 0 2.465372e-12 0.000000e+00
40 50 3.299863e-04 3.299863e-03 0 0 0 0 1.734027e-12 0.000000e+00
40 51 3.299863e-04 4.154281e-03 0 0 0 0 1.253184e-12 0.000000e+00
40 52 3.299863e-04 5.229930e-03 0 0 0 0 9.292871e-13 0.000000e+00
40 53 3.299863e-04 6.584091e-03 0 0 0 0 7.016651e-13 0.000000e+00
40 54 3.299863e-04 8.288880e-03 0 0 0 0 5.346561e-13 0.000000e+00
40 55 3.299863e-04 1.043508e-02 0 0 0 0 4.067540e-13 0.000000e+00
40 56 3.299863e-04 1.313699e-02 0 0 0 0 3.050180e-13 0.000000e+00
40 57 3.299863e-04 1.653849e-02 0 0 0 0 2.228106e-13 0.000000e+00
40 58 3.299863e-04 2.082073e-02 0 0 0 0 1.566077e-13 0.000000e+00
40 59 3.299863e-04 2.621174e-02 0 0 0 0 1.043308e-13 0.000000e+00
41 40 4.154281e-04 3.299863e-04 0 0 0 0 7.143114e-11 0.000000e+00
41 41 4.154281e-04 4.154281e-04 0 0 0 0 2.348081e-10 0.000000e+00
41 42 4.154281e-04 5.229930e-04 0 0 0 0 7.166834e-11 0.000000e+00
41 43 4.154281e-04 6.584091e-04 0 0 0 0 4.555300e-11 0.000000e+00
41 44 4.154281e-04 8.288880e-04 0 0 0 0 2.937411e-11 0.000000e+00
41 45 4.154281e-04 1.043508e-03 0 0 0 0 1.921244e-11 0.000000e+00
41 46 4.154281e-04 1.313699e-03 0 0 0 0 1.267539e-11 0.000000e+00
41 47 4.154281e-04 1.653849e-03 0 0 0 0 8.434087e-12 0.000000e+00
41 48 4.154281e-04 2.082073e-03 0 0 0 0 5.683492e-12 0.000000e+00
41 49 4.154281e-04 2.621174e-03 0 0 0 0 3.903052e-12 0.000000e+00
41 50 4.154281e-04 3.299863e-03 0 0 0 0 2.746546e-12 0.000000e+00
41 51 4.154281e-04 4.154281e-03 0 0 0 0 1.985688e-12 0.000000e+00
41 52 4.154281e-04 5.229930e-03 0 0 0 0 1.471846e-12 0.000000e+00
41 53 4.154281e-04 6.584091e-03 0 0 0 0 1.111687e-12 0.000000e+00
41 54 4.154281e-04 8.288880e-03 0 0 0 0 8.473016e-13 0.000000e+00
41 55 4.154281e-04 1.043508e-02 0 0 0 0 6.445272e-13 0.000000e+00
41 56 4.154281e-04 1.313699e-02 0 0 0 0 4.833843e-13 0.000000e+00
41 57 4.154281e-04 1.653849e-02 0 0 0 0 3.531107e-13 0.000000e+00
41 58 4.154281e-04 2.082073e-02 0 0 0 0 2.482059e-13 0.000000e+00
41 59 4.154281e-04 2.621174e-02 0 0 0 0 1.653494e-13 0.000000e+00
42 40 5.229930e-04 3.299863e-04 0 0 0 0 4.511085e-11 0.000000e+00
42 41 5.229930e-04 4.154281e-04 0 0 0 0 7.166834e-11 0.000000e+00
42 42 5.229930e-04 5.229930e-04 0 0 0 0 1.840306e-10 0.000000e+00
42 43 5.229930e-04 6.584091e-04 0 0 0 0 7.227674e-11 0.000000e+00
42 44 5.229930e-04 8.288880e-04 0 0 0 0 4.642211e-11 0.000000e+00
42 45 5.229930e-04 1.043508e-03 0 0 0 0 3.032437e-11 0.000000e+00
42 46 5.229930e-04 1.313699e-03 0 0 0 0 2.002187e-11 0.000000e+00
42 47 5.229930e-04 1.653849e-03 0 0 0 0 1.333617e-11 0.000000e+00
42 48 5.229930e-04 2.082073e-03 0 0 0 0 8.993014e-12 0.000000e+00
42 49 5.229930e-04 2.621174e-03 0 0 0 0 6.177813e-12 0.000000e+00
42 50 5.229930e-04 3.299863e-03 0 0 0 0 4.348260e-12 0.000000e+00
42 51 5.229930e-04 4.154281e-03 0 0 0 0 3.144299e-12 0.000000e+00
42 52 5.229930e-04 5.229930e-03 0 0 0 0 2.331290e-12 0.000000e+00
42 53 5.229930e-04 6.584091e-03 0 0 0 0 1.761008e-12 0.000000e+00
42 54 5.229930e-04 8.288880e-03 0 0 0 0 1.342511e-12 0.000000e+00
42 55 5.229930e-04 1.043508e-02 0 0 0 0 1.021223e-12 0.000000e+00
42 56 5.229930e-04 1.313699e-02 0 0 0 0 7.659978e-13 0.000000e+00
42 57 5.229930e-04 1.653849e-02 0 0 0 0 5.596026e-13 0.000000e+00
42 58 5.229930e-04 2.082073e-02 0 0 0 0 3.933609e-13 0.000000e+00
42 59 5.229930e-04 2.621174e-02 0 0 0 0 2.620512e-13 0.000000e+00
43 40 6.584091e-04 3.299863e-04 0 0 0 0 2.875169e-11 0.000000e+00
43 41 6.584091e-04 4.154281e-04 0 0 0 0 4.555300e-11 0.000000e+00
43 42 6.584091e-04 5.229930e-04 0 0 0 0 7.227674e-11 0.000000e+00
43 43 6.584091e-04 6.584091e-04 0 0 0 0 1.526005e-10 0.000000e+00
43 44 6.584091e-04 8.288880e-04 0 0 0 0 7.341560e-11 0.000000e+00
43 45 6.584091e-04 1.043508e-03 0 0 0 0 4.776992e-11 0.000000e+00
43 46 6.584091e-04 1.313699e-03 0 0 0 0 3.156175e-11 0.000000e+00
43 47 6.584091e-04 1.653849e-03 0 0 0 0 2.105690e-11 0.000000e+00
43 48 6.584091e-04 2.082073e-03 0 0 0 0 1.421492e-11 0.000000e+00
43 49 6.584091e-04 2.621174e-03 0 0 0 0 9.770889e-12 0.000000e+00
43 50 6.584091e-04 3.299863e-03 0 0 0 0 6.879932e-12 0.000000e+00
43 51 6.584091e-04 4.154281e-03 0 0 0 0 4.976508e-12 0.000000e+00
43 52 6.584091e-04 5.229930e-03 0 0 0 0 3.690987e-12 0.000000e+00
43 53 6.584091e-04 6.584091e-03 0 0 0 0 2.788896e-12 0.000000e+00
43 54 6.584091e-04 8.288880e-03 0 0 0 0 2.126590e-12 0.000000e+00
43 55 6.584091e-04 1.043508e-02 0 0 0 0 1.617921e-12 0.000000e+00
43 56 6.584091e-04 1.313699e-02 0 0 0 0 1.213732e-12 0.000000e+00
43 57 6.584091e-04 1.653849e-02 0 0 0 0 8.868119e-13 0.000000e+00
43 58 6.584091e-04 2.082073e-02 0 0 0 0 6.233840e-13 0.000000e+00
43 59 6.584091e-04 2.621174e-02 0 0 0 0 4.153022e-13 0.000000e+00
44 40 8.288880e-04 3.299863e-04 0 0 0 0 1.859847e-11 0.000000e+00
44 41 8.288880e-04 4.154281e-04 0 0 0 0 2.937411e-11 0.000000e+00
44 42 8.288880e-04 5.229930e-04 0 0 0 0 4.642211e-11 0.000000e+00
44 43 8.288880e-04 6.584091e-04 0 0 0 0 7.341560e-11 0.000000e+00
44 44 8.288880e-04 8.288880e-04 0 0 0 0 1.337079e-10 0.000000e+00
44 45 8.288880e-04 1.043508e-03 0 0 0 0 7.516445e-11 0.000000e+00
44 46 8.288880e-04 1.313699e-03 0 0 0 0 4.960381e-11 0.000000e+00
44 47 8.288880e-04 1.653849e-03 0 0 0 0 3.316519e-11 0.000000e+00
44 48 8.288880e-04 2.082073e-03 0 0 0 0 2.242959e-11 0.000000e+00
44 49 8.288880e-04 2.621174e-03 0 0 0 0 1.543361e-11 0.000000e+00
44 50 8.288880e-04 3.299863e-03 0 0 0 0 1.087457e-11 0.000000e+00
44 51 8.288880e-04 4.154281e-03 0 0 0 0 7.870383e-12 0.000000e+00
44 52 8.288880e-04 5.229930e-03 0 0 0 0 5.839982e-12 0.000000e+00
44 53 8.288880e-04 6.584091e-03 0 0 0 0 4.414735e-12 0.000000e+00
44 54 8.288880e-04 8.288880e-03 0 0 0 0 3.367476e-12 0.000000e+00
44 55 8.288880e-04 1.043508e-02 0 0 0 0 2.562800e-12 0.000000e+00
44 56 8.288880e-04 1.313699e-02 0 0 0 0 1.922918e-12 0.000000e+00
44 57 8.288880e-04 1.653849e-02 0 0 0 0 1.405232e-12 0.000000e+00
44 58 8.288880e-04 2.082073e-02 0 0 0 0 9.878695e-13 0.000000e+00
44 59 8.288880e-04 2.621174e-02 0 0 0 0 6.581701e-13 0.000000e+00
45 40 1.043508e-03 3.299863e-04 0 0 0 0 1.215609e-11 0.000000e+00
45 41 1.043508e-03 4.154281e-04 0 0 0 0 1.921244e-11 0.000000e+00
45 42 1.043508e-03 5.229930e-04 0 0 0 0 3.032437e-11 0.000000e+00
45 43 1.043508e-03 6.584091e-04 0 0 0 0 4.776992e-11 0.000000e+00
45 44 1.043508e-03 8.288880e-04 0 0 0 0 7.516445e-11 0.000000e+00
45 45 1.043508e-03 1.043508e-03 0 0 0 0 1.230446e-10 0.000000e+00
45 46 1.043508e-03 1.313699e-03 0 0 0 0 7.765279e-11 0.000000e+00
45 47 1.043508e-03 1.653849e-03 0 0 0 0 5.201588e-11 0.000000e+00
45 48 1.043508e-03 2.082073e-03 0 0 0 0 3.529142e-11 0.000000e+00
45 49 1.043508e-03 2.621174e-03 0 0 0 0 2.432888e-11 0.000000e+00
45 50 1.043508e-03 3.299863e-03 0 0 0 0 1.716096e-11 0.000000e+00
45 51 1.043508e-03 4.154281e-03 0 0 0 0 1.243063e-11 0.000000e+00
45 52 1.043508e-03 5.229930e-03 0 0 0 0 9.231243e-12 0.000000e+00
45 53 1.043508e-03 6.584091e-03 0 0 0 0 6.983241e-12 0.000000e+00
45 54 1.043508e-03 8.288880e-03 0 0 0 0 5.329863e-12 0.000000e+00
45 55 1.043508e-03 1.043508e-02 0 0 0 0 4.058119e-12 0.000000e+00
45 56 1.043508e-03 1.313699e-02 0 0 0 0 3.045860e-12 0.000000e+00
45 57 1.043508e-03 1.653849e-02 0 0 0 0 2.226410e-12 0.000000e+00
45 58 1.043508e-03 2.082073e-02 0 0 0 0 1.565342e-12 0.000000e+00
45 59 1.043508e-03 2.621174e-02 0 0 0 0 1.043042e-12 0.000000e+00
46 40 1.313699e-03 3.299863e-04 0 0 0 0 8.005651e-12 0.000000e+00
46 41 1.313699e-03 4.154281e-04 0 0 0 0 1.267539e-11 0.000000e+00
46 42 1.313699e-03 5.229930e-04 0 0 0 0 2.002187e-11 0.000000e+00
46 43 1.313699e-03 6.584091e-04 0 0 0 0 3.156175e-11 0.000000e+00
46 44 1.313699e-03 8.288880e-04 0 0 0 0 4.960381e-11 0.000000e+00
46 45 1.313699e-03 1.043508e-03 0 0 0 0 7.765279e-11 0.000000e+00
46 46 1.313699e-03 1.313699e-03 0 0 0 0 1.180060e-10 0.000000e+00
46 47 1.313699e-03 1.653849e-03 0 0 0 0 8.105248e-11 0.000000e+00
46 48 1.313699e-03 2.082073e-03 0 0 0 0 5.524384e-11 0.000000e+00
46 49 1.313699e-03 2.621174e-03 0 0 0 0 3.821840e-11 0.000000e+00
46 50 1.313699e-03 3.299863e-03 0 0 0 0 2.701072e-11 0.000000e+00
46 51 1.313699e-03 4.154281e-03 0 0 0 0 1.959310e-11 0.000000e+00
46 52 1.313699e-03 5.229930e-03 0 0 0 0 1.456880e-11 0.000000e+00
46 53 1.313699e-03 6.584091e-03 0 0 0 0 1.103352e-11 0.000000e+00
46 54 1.313699e-03 8.288880e-03 0 0 0 0 8.429062e-12 0.000000e+00
46 55 1.313699e-03 1.043508e-02 0 0 0 0 6.422439e-12 0.000000e+00
46 56 1.313699e-03 1.313699e-02 0 0 0 0 4.822997e-12 0.000000e+00
46 57 1.313699e-03 1.653849e-02 0 0 0 0 3.526692e-12 0.000000e+00
46 58 1.313699e-03 2.082073e-02 0 0 0 0 2.480139e-12 0.000000e+00
46 59 1.313699e-03 2.621174e-02 0 0 0 0 1.652883e-12 0.000000e+00
47 40 1.653849e-03 3.299863e-04 0 0 0 0 5.329530e-12 0.000000e+00
47 41 1.653849e-03 4.154281e-04 0 0 0 0 8.434087e-12 0.000000e+00
47 42 1.653849e-03 5.229930e-04 0 0 0 0 1.333617e-11 0.000000e+00
47 43 1.653849e-03 6.584091e-04 0 0 0 0 2.105690e-11 0.000000e+00
47 44 1.653849e-03 8.288880e-04 0 0 0 0 3.316519e-11 0.000000e+00
47 45 1.653849e-03 1.043508e-03 0 0 0 0 5.201588e-11 0.000000e+00
47 46 1.653849e-03 1.313699e-03 0 0 0 0 8.105248e-11 0.000000e+00
47 47 1.653849e-03 1.653849e-03 0 0 0 0 1.171473e-10 0.000000e+00
47 48 1.653849e-03 2.082073e-03 0 0 0 0 8.569348e-11 0.000000e+00
47 49 1.653849e-03 2.621174e-03 0 0 0 0 5.967198e-11 0.000000e+00
47 50 1.653849e-03 3.299863e-03 0 0 0 0 4.233082e-11 0.000000e+00
47 51 1.653849e-03 4.154281e-03 0 0 0 0 3.078014e-11 0.000000e+00
47 52 1.653849e-03 5.229930e-03 0 0 0 0 2.293431e-11 0.000000e+00
47 53 1.653849e-03 6.584091e-03 0 0 0 0 1.740076e-11 0.000000e+00
47 54 1.653849e-03 8.288880e-03 0 0 0 0 1.331333e-11 0.000000e+00
47 55 1.653849e-03 1.043508e-02 0 0 0 0 1.015570e-11 0.000000e+00
47 56 1.653849e-03 1.313699e-02 0 0 0 0 7.632891e-12 0.000000e+00
47 57 1.653849e-03 1.653849e-02 0 0 0 0 5.584575e-12 0.000000e+00
47 58 1.653849e-03 2.082073e-02 0 0 0 0 3.928884e-12 0.000000e+00
47 59 1.653849e-03 2.621174e-02 0 0 0 0 2.619041e-12 0.000000e+00
48 40 2.082073e-03 3.299863e-04 0 0 0 0 3.591214e-12 0.000000e+00
48 41 2.082073e-03 4.154281e-04 0 0 0 0 5.683492e-12 0.000000e+00
48 42 2.082073e-03 5.229930e-04 0 0 0 0 8.993014e-12 0.000000e+00
48 43 2.082073e-03 6.584091e-04 0 0 0 0 1.421492e-11 0.000000e+00
48 44 2.082073e-03 8.288880e-04 0 0 0 0 2.242959e-11 0.000000e+00
48 45 2.082073e-03 1.043508e-03 0 0 0 0 3.529142e-11 0.000000e+00
48 46 2.082073e-03 1.313699e-03 0 0 0 0 5.524384e-11 0.000000e+00
48 47 2.082073e-03 1.653849e-03 0 0 0 0 8.569348e-11 0.000000e+00
48 48 2.082073e-03 2.082073e-03 0 0 0 0 1.198252e-10 0.000000e+00
48 49 2.082073e-03 2.621174e-03 0 0 0 0 9.209901e-11 0.000000e+00
48 50 2.082073e-03 3.299863e-03 0 0 0 0 6.584866e-11 0.000000e+00
48 51 2.082073e-03 4.154281e-03 0 0 0 0 4.809161e-11 0.000000e+00
48 52 2.082073e-03 5.229930e-03 0 0 0 0 3.595540e-11 0.000000e+00
48 53 2.082073e-03 6.584091e-03 0 0 0 0 2.736092e-11 0.000000e+00
48 54 2.082073e-03 8.288880e-03 0 0 0 0 2.098460e-11 0.000000e+00
48 55 2.082073e-03 1.043508e-02 0 0 0 0 1.603718e-11 0.000000e+00
48 56 2.082073e-03 1.313699e-02 0 0 0 0 1.206946e-11 0.000000e+00
48 57 2.082073e-03 1.653849e-02 0 0 0 0 8.838795e-12 0.000000e+00
48 58 2.082073e-03 2.082073e-02 0 0 0 0 6.222136e-12 0.000000e+00
48 59 2.082073e-03 2.621174e-02 0 0 0 0 4.149352e-12 0.000000e+00
49 40 2.621174e-03 3.299863e-04 0 0 0 0 2.465372e-12 0.000000e+00
49 41 2.621174e-03 4.154281e-04 0 0 0 0 3.903052e-12 0.000000e+00
49 42 2.621174e-03 5.229930e-04 0 0 0 0 6.177813e-12 0.000000e+00
49 43 2.621174e-03 6.584091e-04 0 0 0 0 9.770889e-12 0.000000e+00
49 44 2.621174e-03 8.288880e-04 0 0 0 0 1.543361e-11 0.000000e+00
49 45 2.621174e-03 1.043508e-03 0 0 0 0 2.432888e-11 0.000000e+00
49 46 2.621174e-03 1.313699e-03 0 0 0 0 3.821840e-11 0.000000e+00
49 47 2.621174e-03 1.653849e-03 0 0 0 0 5.967198e-11 0.000000e+00
49 48 2.621174e-03 2.082073e-03 0 0 0 0 9.209901e-11 0.000000e+00
49 49 2.621174e-03 2.621174e-03 0 0 0 0 1.260196e-10 0.000000e+00
49 50 2.621174e-03 3.299863e-03 0 0 0 0 1.009963e-10 0.000000e+00
49 51 2.621174e-03 4.154281e-03 0 0 0 0 7.444782e-11 0.000000e+00
49 52 2.621174e-03 5.229930e-03 0 0 0 0 5.598973e-11 0.000000e+00
49 53 2.621174e-03 6.584091e-03 0 0 0 0 4.281397e-11 0.000000e+00
49 54 2.621174e-03 8.288880e-03 0 0 0 0 3.296612e-11 0.000000e+00
49 55 2.621174e-03 1.043508e-02 0 0 0 0 2.526950e-11 0.000000e+00
49 56 2.621174e-03 1.313699e-02 0 0 0 0 1.905856e-11 0.000000e+00
49 57 2.621174e-03 1.653849e-02 0 0 0 0 1.397784e-11 0.000000e+00
49 58 2.621174e-03 2.082073e-02 0 0 0 0 9.849472e-12 0.000000e+00
49 59 2.621174e-03 2.621174e-02 0 0 0 0 6.572386e-12 0.000000e+00
50 40 3.299863e-03 3.299863e-04 0 0 0 0 1.734027e-12 0.000000e+00
50 41 3.299863e-03 4.154281e-04 0 0 0 0 2.746546e-12 0.000000e+00
50 42 3.299863e-03 5.229930e-04 0 0 0 0 4.348260e-12 0.000000e+00
50 43 3.299863e-03 6.584091e-04 0 0 0 0 6.879932e-12 0.000000e+00
50 44 3.299863e-03 8.288880e-04 0 0 0 0 1.087457e-11 0.000000e+00
50 45 3.299863e-03 1.043508e-03 0 0 0 0 1.716096e-11 0.000000e+00
50 46 3.299863e-03 1.313699e-03 0 0 0 0 2.701072e-11 0.000000e+00
50 47 3.299863e-03 1.653849e-03 0 0 0 0 4.233082e-11 0.000000e+00
50 48 3.299863e-03 2.082073e-03 0 0 0 0 6.584866e-11 0.000000e+00
50 49 3.299863e-03 2.621174e-03 0 0 0 0 1.009963e-10 0.000000e+00
50 50 3.299863e-03 3.299863e-03 0 0 0 0 1.361803e-10 0.000000e+00
50 51 3.299863e-03 4.154281e-03 0 0 0 0 1.132859e-10 0.000000e+00
50 52 3.299863e-03 5.229930e-03 0 0 0 0 8.619599e-11 0.000000e+00
50 53 3.299863e-03 6.584091e-03 0 0 0 0 6.645764e-11 0.000000e+00
50 54 3.299863e-03 8.288880e-03 0 0 0 0 5.150634e-11 0.000000e+00
50 55 3.299863e-03 1.043508e-02 0 0 0 0 3.967508e-11 0.000000e+00
50 56 3.299863e-03 1.313699e-02 0 0 0 0 3.002796e-11 0.000000e+00
50 57 3.299863e-03 1.653849e-02 0 0 0 0 2.207574e-11 0.000000e+00
50 58 3.299863e-03 2.082073e-02 0 0 0 0 1.558017e-11 0.000000e+00
50 59 3.299863e-03 2.621174e-02 0 0 0 0 1.040671e-11 0.000000e+00
51 40 4.154281e-03 3.299863e-04 0 0 0 0 1.253184e-12 0.000000e+00
51 41 4.154281e-03 4.154281e-04 0 0 0 0 1.985688e-12 0.000000e+00
51 42 4.154281e-03 5.229930e-04 0 0 0 0 3.144299e-12 0.000000e+00
51 43 4.154281e-03 6.584091e-04 0 0 0 0 4.976508e-12 0.000000e+00
51 44 4.154281e-03 8.288880e-04 0 0 0 0 7.870383e-12 0.000000e+00
51 45 4.154281e-03 1.043508e-03 0 0 0 0 1.243063e-11 0.000000e+00
51 46 4.154281e-03 1.313699e-03 0 0 0 0 1.959310e-11 0.000000e+00
51 47 4.154281e-03 1.653849e-03 0 0 0 0 3.078014e-11 0.000000e+00
51 48 4.154281e-03 2.082073e-03 0 0 0 0 4.809161e-11 0.000000e+00
51 49 4.154281e-03 2.621174e-03 0 0 0 0 7.444782e-11 0.000000e+00
51 50 4.154281e-03 3.299863e-03 0 0 0 0 1.132859e-10 0.000000e+00
51 51 4.154281e-03 4.154281e-03 0 0 0 0 1.510906e-10 0.000000e+00
51 52 4.154281e-03 5.229930e-03 0 0 0 0 1.299554e-10 0.000000e+00
51 53 4.154281e-03 6.584091e-03 0 0 0 0 1.017493e-10 0.000000e+00
51 54 4.154281e-03 8.288880e-03 0 0 0 0 7.973932e-11 0.000000e+00
51 55 4.154281e-03 1.043508e-02 0 0 0 0 6.192712e-11 0.000000e+00
51 56 4.154281e-03 1.313699e-02 0 0 0 0 4.713913e-11 0.000000e+00
51 57 4.154281e-03 1.653849e-02 0 0 0 0 3.479051e-11 0.000000e+00
51 58 4.154281e-03 2.082073e-02 0 0 0 0 2.461630e-11 0.000000e+00
51 59 4.154281e-03 2.621174e-02 0 0 0 0 1.646869e-11 0.000000e+00
52 40 5.229930e-03 3.299863e-04 0 0 0 0 9.292871e-13 0.000000e+00
52 41 5.229930e-03 4.154281e-04 0 0 0 0 1.471846e-12 0.000000e+00
52 42 5.229930e-03 5.229930e-04 0 0 0 0 2.331290e-12 0.000000e+00
52 43 5.229930e-03 6.584091e-04 0 0 0 0 3.690987e-12 0.000000e+00
52 44 5.229930e-03 8.288880e-04 0 0 0 0 5.839982e-12 0.000000e+00
52 45 5.229930e-03 1.043508e-03 0 0 0 0 9.231243e-12 0.000000e+00
52 46 5.229930e-03 1.313699e-03 0 0 0 0 1.456880e-11 0.000000e+00
52 47 5.229930e-03 1.653849e-03 0 0 0 0 2.293431e-11 0.000000e+00
52 48 5.229930e-03 2.082073e-03 0 0 0 0 3.595540e-11 0.000000e+00
52 49 5.229930e-03 2.621174e-03 0 0 0 0 5.598973e-11 0.000000e+00
52 50 5.229930e-03 3.299863e-03 0 0 0 0 8.619599e-11 0.000000e+00
52 51 5.229930e-03 4.154281e-03 0 0 0 0 1.299554e-10 0.000000e+00
52 52 5.229930e-03 5.229930e-03 0 0 0 0 1.716979e-10 0.000000e+00
52 53 5.229930e-03 6.584091e-03 0 0 0 0 1.519141e-10 0.000000e+00
52 54 5.229930e-03 8.288880e-03 0 0 0 0 1.214985e-10 0.000000e+00
52 55 5.229930e-03 1.043508e-02 0 0 0 0 9.569814e-11 0.000000e+00
52 56 5.229930e-03 1.313699e-02 0 0 0 0 7.355322e-11 0.000000e+00
52 57 5.229930e-03 1.653849e-02 0 0 0 0 5.463545e-11 0.000000e+00
52 58 5.229930e-03 2.082073e-02 0 0 0 0 3.881868e-11 0.000000e+00
52 59 5.229930e-03 2.621174e-02 0 0 0 0 2.603794e-11 0.000000e+00
53 40 6.584091e-03 3.299863e-04 0 0 0 0 7.016651e-13 0.000000e+00
53 41 6.584091e-03 4.154281e-04 0 0 0 0 1.111687e-12 0.000000e+00
53 42 6.584091e-03 5.229930e-04 0 0 0 0 1.761008e-12 0.000000e+00
53 43 6.584091e-03 6.584091e-04 0 0 0 0 2.788896e-12 0.000000e+00
53 44 6.584091e-03 8.288880e-04 0 0 0 0 4.414735e-12 0.000000e+00
53 45 6.584091e-03 1.043508e-03 0 0 0 0 6.983241e-12 0.000000e+00
53 46 6.584091e-03 1.313699e-03 0 0 0 0 1.103352e-11 0.000000e+00
53 47 6.584091e-03 1.653849e-03 0 0 0 0 1.740076e-11 0.000000e+00
53 48 6.584091e-03 2.082073e-03 0 0 0 0 2.736092e-11 0.000000e+00
53 49 6.584091e-03 2.621174e-03 0 0 0 0 4.281397e-11 0.000000e+00
53 50 6.584091e-03 3.299863e-03 0 0 0 0 6.645764e-11 0.000000e+00
53 51 6.584091e-03 4.154281e-03 0 0 0 0 1.017493e-10 0.000000e+00
53 52 6.584091e-03 5.229930e-03 0 0 0 0 1.519141e-10 0.000000e+00
53 53 6.584091e-03 6.584091e-03 0 0 0 0 1.988701e-10 0.000000e+00
53 54 6.584091e-03 8.288880e-03 0 0 0 0 1.797275e-10 0.000000e+00
53 55 6.584091e-03 1.043508e-02 0 0 0 0 1.452911e-10 0.000000e+00
53 56 6.584091e-03 1.313699e-02 0 0 0 0 1.135761e-10 0.000000e+00
53 57 6.584091e-03 1.653849e-02 0 0 0 0 8.529108e-11 0.000000e+00
53 58 6.584091e-03 2.082073e-02 0 0 0 0 6.101985e-11 0.000000e+00
53 59 6.584091e-03 2.621174e-02 0 0 0 0 4.110543e-11 0.000000e+00
54 40 8.288880e-03 3.299863e-04 0 0 0 0 5.346561e-13 0.000000e+00
54 41 8.288880e-03 4.154281e-04 0 0 0 0 8.473016e-13 0.000000e+00
54 42 8.288880e-03 5.229930e-04 0 0 0 0 1.342511e-12 0.000000e+00
54 43 8.288880e-03 6.584091e-04 0 0 0 0 2.126590e-12 0.000000e+00
54 44 8.288880e-03 8.288880e-04 0 0 0 0 3.367476e-12 0.000000e+00
54 45 8.288880e-03 1.043508e-03 0 0 0 0 5.329863e-12 0.000000e+00
54 46 8.288880e-03 1.313699e-03 0 0 0 0 8.429062e-12 0.000000e+00
54 47 8.288880e-03 1.653849e-03 0 0 0 0 1.331333e-11 0.000000e+00
54 48 8.288880e-03 2.082073e-03 0 0 0 0 2.098460e-11 0.000000e+00
54 49 8.288880e-03 2.621174e-03 0 0 0 0 3.296612e-11 0.000000e+00
54 50 8.288880e-03 3.299863e-03 0 0 0 0 5.150634e-11 0.000000e+00
54 51 8.288880e-03 4.154281e-03 0 0 0 0 7.973932e-11 0.000000e+00
54 52 8.288880e-03 5.229930e-03 0 0 0 0 1.214985e-10 0.000000e+00
54 53 8.288880e-03 6.584091e-03 0 0 0 0 1.797275e-10 0.000000e+00
54 54 8.288880e-03 8.288880e-03 0 0 0 0 2.330457e-10 0.000000e+00
54 55 8.288880e-03 1.043508e-02 0 0 0 0 2.132416e-10 0.000000e+00
54 56 8.288880e-03 1.313699e-02 0 0 0 0 1.720894e-10 0.000000e+00
54 57 8.288880e-03 1.653849e-02 0 0 0 0 1.317662e-10 0.000000e+00
54 58 8.288880e-03 2.082073e-02 0 0 0 0 9.539355e-11 0.000000e+00
54 59 8.288880e-03 2.621174e-02 0 0 0 0 6.472710e-11 0.000000e+00
55 40 1.043508e-02 3.299863e-04 0 0 0 0 4.067540e-13 0.000000e+00
55 41 1.043508e-02 4.154281e-04 0 0 0 0 6.445272e-13 0.000000e+00
55 42 1.043508e-02 5.229930e-04 0 0 0 0 1.021223e-12 0.000000e+00
55 43 1.043508e-02 6.584091e-04 0 0 0 0 1.617921e-12 0.000000e+00
55 44 1.043508e-02 8.288880e-04 0 0 0 0 2.562800e-12 0.000000e+00
55 45 1.043508e-02 1.043508e-03 0 0 0 0 4.058119e-12 0.000000e+00
55 46 1.043508e-02 1.313699e-03 0 0 0 0 6.422439e-12 0.000000e+00
55 47 1.043508e-02 1.653849e-03 0 0 0 0 1.015570e-11 0.000000e+00
55 48 1.043508e-02 2.082073e-03 0 0 0 0 1.603718e-11 0.000000e+00
55 49 1.043508e-02 2.621174e-03 0 0 0 0 2.526950e-11 0.000000e+00
55 50 1.043508e-02 3.299863e-03 0 0 0 0 3.967508e-11 0.000000e+00
55 51 1.043508e-02 4.154281e-03 0 0 0 0 6.192712e-11 0.000000e+00
55 52 1.043508e-02 5.229930e-03 0 0 0 0 9.569814e-11 0.000000e+00
55 53 1.043508e-02 6.584091e-03 0 0 0 0 1.452911e-10 0.000000e+00
55 54 1.043508e-02 8.288880e-03 0 0 0 0 2.132416e-10 0.000000e+00
55 55 1.043508e-02 1.043508e-02 0 0 0 0 2.737744e-10 0.000000e+00
55 56 1.043508e-02 1.313699e-02 0 0 0 0 2.511358e-10 0.000000e+00
55 57 1.043508e-02 1.653849e-02 0 0 0 0 1.996442e-10 0.000000e+00
55 58 1.043508e-02 2.082073e-02 0 0 0 0 1.476668e-10 0.000000e+00
55 59 1.043508e-02 2.621174e-02 0 0 0 0 1.014687e-10 0.000000e+00
56 40 1.313699e-02 3.299863e-04 0 0 0 0 3.050180e-13 0.000000e+00
56 41 1.313699e-02 4.154281e-04 0 0 0 0 4.833843e-13 0.000000e+00
56 42 1.313699e-02 5.229930e-04 0 0 0 0 7.659978e-13 0.000000e+00
56 43 1.313699e-02 6.584091e-04 0 0 0 0 1.213732e-12 0.000000e+00
56 44 1.313699e-02 8.288880e-04 0 0 0 0 1.922918e-12 0.000000e+00
56 45 1.313699e-02 1.043508e-03 0 0 0 0 3.045860e-12 0.000000e+00
56 46 1.313699e-02 1.313699e-03 0 0 0 0 4.822997e-12 0.000000e+00
56 47 1.313699e-02 1.653849e-03 0 0 0 0 7.632891e-12 0.000000e+00
56 48 1.313699e-02 2.082073e-03 0 0 0 0 1.206946e-11 0.000000e+00
56 49 1.313699e-02 2.621174e-03 0 0 0 0 1.905856e-11 0.000000e+00
56 50 1.313699e-02 3.299863e-03 0 0 0 0 3.002796e-11 0.000000e+00
56 51 1.313699e-02 4.154281e-03 0 0 0 0 4.713913e-11 0.000000e+00
56 52 1.313699e-02 5.229930e-03 0 0 0 0 7.355322e-11 0.000000e+00
56 53 1.313699e-02 6.584091e-03 0 0 0 0 1.135761e-10 0.000000e+00
56 54 1.313699e-02 8.288880e-03 0 0 0 0 1.720894e-10 0.000000e+00
56 55 1.313699e-02 1.043508e-02 0 0 0 0 2.511358e-10 0.000000e+00
56 56 1.313699e-02 1.313699e-02 0 0 0 0 3.192110e-10 0.000000e+00
56 57 1.313699e-02 1.653849e-02 0 0 0 0 2.904911e-10 0.000000e+00
56 58 1.313699e-02 2.082073e-02 0 0 0 0 2.242541e-10 0.000000e+00
56 59 1.313699e-02 2.621174e-02 0 0 0 0 1.577412e-10 0.000000e+00
57 40 1.653849e-02 3.299863e-04 0 0 0 0 2.228106e-13 0.000000e+00
57 41 1.653849e-02 4.154281e-04 0 0 0 0 3.531107e-13 0.000000e+00
57 42 1.653849e-02 5.229930e-04 0 0 0 0 5.596026e-13 0.000000e+00
57 43 1.653849e-02 6.584091e-04 0 0 0 0 8.868119e-13 0.000000e+00
57 44 1.653849e-02 8.288880e-04 0 0 0 0 1.405232e-12 0.000000e+00
57 45 1.653849e-02 1.043508e-03 0 0 0 0 2.226410e-12 0.000000e+00
57 46 1.653849e-02 1.313699e-03 0 0 0 0 3.526692e-12 0.000000e+00
57 47 1.653849e-02 1.653849e-03 0 0 0 0 5.584575e-12 0.000000e+00
57 48 1.653849e-02 2.082073e-03 0 0 0 0 8.838795e-12 0.000000e+00
57 49 1.653849e-02 2.621174e-03 0 0 0 0 1.397784e-11 0.000000e+00
57 50 1.653849e-02 3.299863e-03 0 0 0 0 2.207574e-11 0.000000e+00
57 51 1.653849e-02 4.154281e-03 0 0 0 0 3.479051e-11 0.000000e+00
57 52 1.653849e-02 5.229930e-03 0 0 0 0 5.463545e-11 0.000000e+00
57 53 1.653849e-02 6.584091e-03 0 0 0 0 8.529108e-11 0.000000e+00
57 54 1.653849e-02 8.288880e-03 0 0 0 0 1.317662e-10 0.000000e+00
57 55 1.653849e-02 1.043508e-02 0 0 0 0 1.996442e-10 0.000000e+00
57 56 1.653849e-02 1.313699e-02 0 0 0 0 2.904911e-10 0.000000e+00
57 57 1.653849e-02 1.653849e-02 0 0 0 0 3.656382e-10 0.000000e+00
57 58 1.653849e-02 2.082073e-02 0 0 0 0 3.264704e-10 0.000000e+00
57 59 1.653849e-02 2.621174e-02 0 0 0 0 2.410159e-10 0.000000e+00
58 40 2.082073e-02 3.299863e-04 0 0 0 0 1.566077e-13 0.000000e+00
58 41 2.082073e-02 4.154281e-04 0 0 0 0 2.482059e-13 0.000000e+00
58 42 2.082073e-02 5.229930e-04 0 0 0 0 3.933609e-13 0.000000e+00
58 43 2.082073e-02 6.584091e-04 0 0 0 0 6.233840e-13 0.000000e+00
58 44 2.082073e-02 8.288880e-04 0 0 0 0 9.878695e-13 0.000000e+00
58 45 2.082073e-02 1.043508e-03 0 0 0 0 1.565342e-12 0.000000e+00
58 46 2.082073e-02 1.313699e-03 0 0 0 0 2.480139e-12 0.000000e+00
58 47 2.082073e-02 1.653849e-03 0 0 0 0 3.928884e-12 0.000000e+00
58 48 2.082073e-02 2.082073e-03 0 0 0 0 6.222136e-12 0.000000e+00
58 49 2.082073e-02 2.621174e-03 0 0 0 0 9.849472e-12 0.000000e+00
58 50 2.082073e-02 3.299863e-03 0 0 0 0 1.558017e-11 0.000000e+00
58 51 2.082073e-02 4.154281e-03 0 0 0 0 2.461630e-11 0.000000e+00
58 52 2.082073e-02 5.229930e-03 0 0 0 0 3.881868e-11 0.000000e+00
58 53 2.082073e-02 6.584091e-03 0 0 0 0 6.101985e-11 0.000000e+00
58 54 2.082073e-02 8.288880e-03 0 0 0 0 9.539355e-11 0.000000e+00
58 55 2.082073e-02 1.043508e-02 0 0 0 0 1.476668e-10 0.000000e+00
58 56 2.082073e-02 1.313699e-02 0 0 0 0 2.242541e-10 0.000000e+00
58 57 2.082073e-02 1.653849e-02 0 0 0 0 3.264704e-10 0.000000e+00
58 58 2.082073e-02 2.082073e-02 0 0 0 0 4.073310e-10 0.000000e+00
58 59 2.082073e-02 2.621174e-02 0 0 0 0 3.530922e-10 0.000000e+00
59 40 2.621174e-02 3.299863e-04 0 0 0 0 1.043308e-13 0.000000e+00
59 41 2.621174e-02 4.154281e-04 0 0 0 0 1.653494e-13 0.000000e+00
59 42 2.621174e-02 5.229930e-04 0 0 0 0 2.620512e-13 0.000000e+00
59 43 2.621174e-02 6.584091e-04 0 0 0 0 4.153022e-13 0.000000e+00
59 44 2.621174e-02 8.288880e-04 0 0 0 0 6.581701e-13 0.000000e+00
59 45 2.621174e-02 1.043508e-03 0 0 0 0 1.043042e-12 0.000000e+00
59 46 2.621174e-02 1.313699e-03 0 0 0 0 1.652883e-12 0.000000e+00
59 47 2.621174e-02 1.653849e-03 0 0 0 0 2.619041e-12 0.000000e+00
59 48 2.621174e-02 2.082073e-03 0 0 0 0 4.149352e-12 0.000000e+00
59 49 2.621174e-02 2.621174e-03 0 0 0 0 6.572386e-12 0.000000e+00
59 50 2.621174e-02 3.299863e-03 0 0 0 0 1.040671e-11 0.000000e+00
59 51 2.621174e-02 4.154281e-03 0 0 0 0 1.646869e-11 0.000000e+00
59 52 2.621174e-02 5.229930e-03 0 0 0 0 2.603794e-11 0.000000e+00
59 53 2.621174e-02 6.584091e-03 0 0 0 0 4.110543e-11 0.000000e+00
59 54 2.621174e-02 8.288880e-03 0 0 0 0 6.472710e-11 0.000000e+00
59 55 2.621174e-02 1.043508e-02 0 0 0 0 1.014687e-10 0.000000e+00
59 56 2.621174e-02 1.313699e-02 0 0 0 0 1.577412e-10 0.000000e+00
59 57 2.621174e-02 1.653849e-02 0 0 0 0 2.410159e-10 0.000000e+00
59 58 2.621174e-02 2.082073e-02 0 0 0 0 3.530922e-10 0.000000e+00
59 59 2.621174e-02 2.621174e-02 0 0 0 0 4.383935e-10 0.000000e+00
