## {'coords': 'spherical', 'metric': 'Euclidean', 'sep_units': 'arcmin', 'bin_type': 'Log'}
#   r_nom       meanr       meanlogr       xip          xim         xip_im       xim_im     sigma_xip    sigma_xim      weight       npairs   
  1.0304e+00   1.0311e+00   3.0508e-02   1.1717e-05  -1.0894e-06  -9.5327e-07  -9.3752e-08   6.9547e-11   6.9547e-11   2.3385e+13   2.3385e+13
  1.0940e+00   1.0948e+00   9.0463e-02   1.1136e-05  -7.6599e-07  -1.0703e-06  -1.7648e-07   6.5681e-11   6.5681e-11   2.6219e+13   2.6219e+13
  1.1616e+00   1.1624e+00   1.5035e-01   1.0759e-05  -1.1026e-06  -1.0678e-06   1.5629e-07   6.2325e-11   6.2325e-11   2.9118e+13   2.9118e+13
  1.2333e+00   1.2341e+00   2.1018e-01   1.0697e-05  -1.5164e-06  -9.5699e-07   5.0351e-07   5.9375e-11   5.9375e-11   3.2084e+13   3.2084e+13
  1.3095e+00   1.3103e+00   2.7008e-01   1.0887e-05  -1.4931e-06  -1.1086e-06   3.4435e-07   5.6002e-11   5.6002e-11   3.6065e+13   3.6065e+13
  1.3903e+00   1.3911e+00   3.2997e-01   1.1150e-05  -1.1669e-06  -1.4115e-06   3.0196e-07   5.3154e-11   5.3154e-11   4.0033e+13   4.0033e+13
  1.4762e+00   1.4772e+00   3.9000e-01   1.1070e-05  -1.1630e-06  -1.7619e-06   3.9441e-07   5.0698e-11   5.0698e-11   4.4007e+13   4.4007e+13
  1.5673e+00   1.5683e+00   4.4984e-01   1.0329e-05  -1.2107e-06  -1.9739e-06   4.7468e-07   4.7934e-11   4.7934e-11   4.9228e+13   4.9228e+13
  1.6641e+00   1.6651e+00   5.0972e-01   9.3983e-06  -8.2329e-07  -2.1009e-06   4.5514e-07   4.5726e-11   4.5726e-11   5.4096e+13   5.4096e+13
  1.7668e+00   1.7680e+00   5.6969e-01   8.5649e-06  -2.3159e-07  -2.4991e-06   1.5941e-07   4.3621e-11   4.3621e-11   5.9443e+13   5.9443e+13
  1.8759e+00   1.8772e+00   6.2963e-01   8.5486e-06   4.2804e-07  -2.9487e-06  -3.5733e-07   4.1306e-11   4.1306e-11   6.6295e+13   6.6295e+13
  1.9918e+00   1.9928e+00   6.8941e-01   7.6211e-06   5.3238e-08  -3.5489e-06  -1.1528e-06   3.9553e-11   3.9553e-11   7.2300e+13   7.2300e+13
  2.1147e+00   2.1162e+00   7.4945e-01   6.5160e-06   2.8673e-07  -4.0474e-06  -1.3652e-06   3.7680e-11   3.7680e-11   7.9665e+13   7.9665e+13
  2.2453e+00   2.2468e+00   8.0936e-01   5.7606e-06   3.9428e-07  -4.0962e-06  -1.6150e-06   3.5972e-11   3.5972e-11   8.7411e+13   8.7411e+13
  2.3840e+00   2.3851e+00   8.6908e-01   6.4972e-06   6.9811e-07  -4.6371e-06  -1.3984e-06   3.4509e-11   3.4509e-11   9.4977e+13   9.4977e+13
  2.5312e+00   2.5328e+00   9.2919e-01   7.6222e-06   5.9407e-07  -4.6182e-06  -1.3182e-06   3.3018e-11   3.3018e-11   1.0375e+14   1.0375e+14
  2.6874e+00   2.6888e+00   9.8896e-01   8.4089e-06   2.7534e-08  -4.4692e-06  -3.9813e-07   3.1579e-11   3.1579e-11   1.1342e+14   1.1342e+14
  2.8534e+00   2.8546e+00   1.0488e+00   7.7665e-06  -3.8771e-07  -4.3803e-06   2.6805e-07   3.0430e-11   3.0430e-11   1.2215e+14   1.2215e+14
  3.0296e+00   3.0316e+00   1.1089e+00   5.7473e-06  -6.4176e-07  -4.7373e-06   2.5542e-07   2.9242e-11   2.9242e-11   1.3227e+14   1.3227e+14
  3.2166e+00   3.2180e+00   1.1686e+00   5.0852e-06   5.4433e-07  -4.9893e-06  -5.5541e-07   2.8189e-11   2.8189e-11   1.4234e+14   1.4234e+14
  3.4152e+00   3.4164e+00   1.2285e+00   4.4444e-06   7.8808e-07  -5.2773e-06  -8.2270e-07   2.7299e-11   2.7299e-11   1.5178e+14   1.5178e+14
  3.6261e+00   3.6279e+00   1.2885e+00   3.8045e-06   1.0217e-06  -5.5863e-06  -1.1485e-06   2.6430e-11   2.6430e-11   1.6192e+14   1.6192e+14
  3.8500e+00   3.8517e+00   1.3484e+00   4.4246e-06   9.2794e-07  -5.3650e-06  -7.7254e-07   2.5588e-11   2.5588e-11   1.7275e+14   1.7275e+14
  4.0877e+00   4.0892e+00   1.4082e+00   4.0902e-06   3.9008e-07  -4.8316e-06   3.0208e-07   2.5116e-11   2.5116e-11   1.7930e+14   1.7930e+14
  4.3401e+00   4.3419e+00   1.4682e+00   2.7241e-06   9.7994e-07  -5.1823e-06   2.3253e-07   2.4452e-11   2.4452e-11   1.8917e+14   1.8917e+14
  4.6081e+00   4.6096e+00   1.5280e+00   1.5096e-06   2.3860e-06  -5.5169e-06   1.9101e-08   2.4069e-11   2.4069e-11   1.9524e+14   1.9524e+14
  4.8927e+00   4.8934e+00   1.5877e+00   6.5062e-07   3.6265e-06  -6.0733e-06   9.4067e-08   2.3859e-11   2.3859e-11   1.9869e+14   1.9869e+14
  5.1948e+00   5.1957e+00   1.6477e+00   1.6827e-06   4.8757e-06  -6.1575e-06   1.7984e-06   2.3684e-11   2.3684e-11   2.0165e+14   2.0165e+14
  5.5155e+00   5.5156e+00   1.7074e+00   2.4313e-06   4.8990e-06  -6.7079e-06   2.0961e-06   2.3577e-11   2.3577e-11   2.0347e+14   2.0347e+14
  5.8561e+00   5.8560e+00   1.7673e+00   1.4541e-06   5.3178e-06  -6.2516e-06   1.8051e-06   2.4069e-11   2.4069e-11   1.9524e+14   1.9524e+14
  6.2177e+00   6.2160e+00   1.8270e+00  -9.4283e-07   6.1257e-06  -4.7318e-06   2.3664e-06   2.4705e-11   2.4705e-11   1.8532e+14   1.8532e+14
  6.6016e+00   6.5982e+00   1.8866e+00  -2.6252e-07   5.1168e-06  -3.7834e-06   4.4445e-06   2.5636e-11   2.5636e-11   1.7210e+14   1.7210e+14
  7.0092e+00   7.0052e+00   1.9465e+00   1.6569e-06   3.5765e-06  -4.1428e-06   4.5228e-06   2.7385e-11   2.7385e-11   1.5082e+14   1.5082e+14
  7.4420e+00   7.4357e+00   2.0061e+00   3.9237e-06   3.3718e-06  -4.7651e-06   1.6874e-06   2.9872e-11   2.9872e-11   1.2675e+14   1.2675e+14
  7.9015e+00   7.8900e+00   2.0654e+00   3.4280e-06   5.6125e-06  -5.0140e-06  -1.2813e-06   3.3904e-11   3.3904e-11   9.8401e+13   9.8401e+13
  8.3894e+00   8.3736e+00   2.1249e+00   1.3089e-06   1.2988e-05  -5.9037e-06  -5.8702e-06   4.0398e-11   4.0398e-11   6.9307e+13   6.9307e+13
  8.9074e+00   8.8869e+00   2.1844e+00   3.9409e-07   2.1995e-05  -7.8282e-06  -5.8967e-06   5.1491e-11   5.1491e-11   4.2661e+13   4.2661e+13
  9.4574e+00   9.4331e+00   2.2441e+00   2.2197e-06   2.2350e-05  -1.3866e-05   2.5105e-06   6.7668e-11   6.7668e-11   2.4702e+13   2.4702e+13
  1.0041e+01   9.9972e+00   2.3022e+00   7.2832e-06   1.9545e-05  -1.5584e-05   1.3026e-05   1.0075e-10   1.0075e-10   1.1144e+13   1.1144e+13
  1.0661e+01   1.0542e+01   2.3552e+00   1.2665e-05   1.3907e-05  -1.1546e-05   1.2136e-05   2.0265e-10   2.0265e-10   2.7541e+12   2.7541e+12
  1.1320e+01   1.1320e+01   2.4265e+00   0.0000e+00   0.0000e+00   0.0000e+00   0.0000e+00   0.0000e+00   0.0000e+00   0.0000e+00   0.0000e+00
  1.2019e+01   1.2019e+01   2.4865e+00   0.0000e+00   0.0000e+00   0.0000e+00   0.0000e+00   0.0000e+00   0.0000e+00   0.0000e+00   0.0000e+00
  1.2761e+01   1.2761e+01   2.5464e+00   0.0000e+00   0.0000e+00   0.0000e+00   0.0000e+00   0.0000e+00   0.0000e+00   0.0000e+00   0.0000e+00
  1.3549e+01   1.3549e+01   2.6063e+00   0.0000e+00   0.0000e+00   0.0000e+00   0.0000e+00   0.0000e+00   0.0000e+00   0.0000e+00   0.0000e+00
  1.4385e+01   1.4385e+01   2.6662e+00   0.0000e+00   0.0000e+00   0.0000e+00   0.0000e+00   0.0000e+00   0.0000e+00   0.0000e+00   0.0000e+00
  1.5273e+01   1.5273e+01   2.7261e+00   0.0000e+00   0.0000e+00   0.0000e+00   0.0000e+00   0.0000e+00   0.0000e+00   0.0000e+00   0.0000e+00
  1.6217e+01   1.6217e+01   2.7860e+00   0.0000e+00   0.0000e+00   0.0000e+00   0.0000e+00   0.0000e+00   0.0000e+00   0.0000e+00   0.0000e+00
  1.7218e+01   1.7218e+01   2.8459e+00   0.0000e+00   0.0000e+00   0.0000e+00   0.0000e+00   0.0000e+00   0.0000e+00   0.0000e+00   0.0000e+00
  1.8281e+01   1.8281e+01   2.9059e+00   0.0000e+00   0.0000e+00   0.0000e+00   0.0000e+00   0.0000e+00   0.0000e+00   0.0000e+00   0.0000e+00
  1.9410e+01   1.9410e+01   2.9658e+00   0.0000e+00   0.0000e+00   0.0000e+00   0.0000e+00   0.0000e+00   0.0000e+00   0.0000e+00   0.0000e+00
  2.0608e+01   2.0608e+01   3.0257e+00   0.0000e+00   0.0000e+00   0.0000e+00   0.0000e+00   0.0000e+00   0.0000e+00   0.0000e+00   0.0000e+00
  2.1881e+01   2.1881e+01   3.0856e+00   0.0000e+00   0.0000e+00   0.0000e+00   0.0000e+00   0.0000e+00   0.0000e+00   0.0000e+00   0.0000e+00
  2.3232e+01   2.3232e+01   3.1455e+00   0.0000e+00   0.0000e+00   0.0000e+00   0.0000e+00   0.0000e+00   0.0000e+00   0.0000e+00   0.0000e+00
  2.4666e+01   2.4666e+01   3.2054e+00   0.0000e+00   0.0000e+00   0.0000e+00   0.0000e+00   0.0000e+00   0.0000e+00   0.0000e+00   0.0000e+00
  2.6189e+01   2.6189e+01   3.2653e+00   0.0000e+00   0.0000e+00   0.0000e+00   0.0000e+00   0.0000e+00   0.0000e+00   0.0000e+00   0.0000e+00
  2.7806e+01   2.7806e+01   3.3253e+00   0.0000e+00   0.0000e+00   0.0000e+00   0.0000e+00   0.0000e+00   0.0000e+00   0.0000e+00   0.0000e+00
  2.9523e+01   2.9523e+01   3.3852e+00   0.0000e+00   0.0000e+00   0.0000e+00   0.0000e+00   0.0000e+00   0.0000e+00   0.0000e+00   0.0000e+00
  3.1346e+01   3.1346e+01   3.4451e+00   0.0000e+00   0.0000e+00   0.0000e+00   0.0000e+00   0.0000e+00   0.0000e+00   0.0000e+00   0.0000e+00
  3.3282e+01   3.3282e+01   3.5050e+00   0.0000e+00   0.0000e+00   0.0000e+00   0.0000e+00   0.0000e+00   0.0000e+00   0.0000e+00   0.0000e+00
  3.5337e+01   3.5337e+01   3.5649e+00   0.0000e+00   0.0000e+00   0.0000e+00   0.0000e+00   0.0000e+00   0.0000e+00   0.0000e+00   0.0000e+00
  3.7519e+01   3.7519e+01   3.6248e+00   0.0000e+00   0.0000e+00   0.0000e+00   0.0000e+00   0.0000e+00   0.0000e+00   0.0000e+00   0.0000e+00
  3.9835e+01   3.9835e+01   3.6848e+00   0.0000e+00   0.0000e+00   0.0000e+00   0.0000e+00   0.0000e+00   0.0000e+00   0.0000e+00   0.0000e+00
  4.2295e+01   4.2295e+01   3.7447e+00   0.0000e+00   0.0000e+00   0.0000e+00   0.0000e+00   0.0000e+00   0.0000e+00   0.0000e+00   0.0000e+00
  4.4906e+01   4.4906e+01   3.8046e+00   0.0000e+00   0.0000e+00   0.0000e+00   0.0000e+00   0.0000e+00   0.0000e+00   0.0000e+00   0.0000e+00
  4.7679e+01   4.7679e+01   3.8645e+00   0.0000e+00   0.0000e+00   0.0000e+00   0.0000e+00   0.0000e+00   0.0000e+00   0.0000e+00   0.0000e+00
  5.0623e+01   5.0623e+01   3.9244e+00   0.0000e+00   0.0000e+00   0.0000e+00   0.0000e+00   0.0000e+00   0.0000e+00   0.0000e+00   0.0000e+00
  5.3749e+01   5.3749e+01   3.9843e+00   0.0000e+00   0.0000e+00   0.0000e+00   0.0000e+00   0.0000e+00   0.0000e+00   0.0000e+00   0.0000e+00
  5.7068e+01   5.7068e+01   4.0442e+00   0.0000e+00   0.0000e+00   0.0000e+00   0.0000e+00   0.0000e+00   0.0000e+00   0.0000e+00   0.0000e+00
  6.0591e+01   6.0591e+01   4.1042e+00   0.0000e+00   0.0000e+00   0.0000e+00   0.0000e+00   0.0000e+00   0.0000e+00   0.0000e+00   0.0000e+00
  6.4333e+01   6.4333e+01   4.1641e+00   0.0000e+00   0.0000e+00   0.0000e+00   0.0000e+00   0.0000e+00   0.0000e+00   0.0000e+00   0.0000e+00
  6.8305e+01   6.8305e+01   4.2240e+00   0.0000e+00   0.0000e+00   0.0000e+00   0.0000e+00   0.0000e+00   0.0000e+00   0.0000e+00   0.0000e+00
  7.2523e+01   7.2523e+01   4.2839e+00   0.0000e+00   0.0000e+00   0.0000e+00   0.0000e+00   0.0000e+00   0.0000e+00   0.0000e+00   0.0000e+00
  7.7000e+01   7.7000e+01   4.3438e+00   0.0000e+00   0.0000e+00   0.0000e+00   0.0000e+00   0.0000e+00   0.0000e+00   0.0000e+00   0.0000e+00
  8.1755e+01   8.1755e+01   4.4037e+00   0.0000e+00   0.0000e+00   0.0000e+00   0.0000e+00   0.0000e+00   0.0000e+00   0.0000e+00   0.0000e+00
  8.6803e+01   8.6803e+01   4.4636e+00   0.0000e+00   0.0000e+00   0.0000e+00   0.0000e+00   0.0000e+00   0.0000e+00   0.0000e+00   0.0000e+00
  9.2163e+01   9.2163e+01   4.5236e+00   0.0000e+00   0.0000e+00   0.0000e+00   0.0000e+00   0.0000e+00   0.0000e+00   0.0000e+00   0.0000e+00
  9.7853e+01   9.7853e+01   4.5835e+00   0.0000e+00   0.0000e+00   0.0000e+00   0.0000e+00   0.0000e+00   0.0000e+00   0.0000e+00   0.0000e+00
  1.0390e+02   1.0390e+02   4.6434e+00   0.0000e+00   0.0000e+00   0.0000e+00   0.0000e+00   0.0000e+00   0.0000e+00   0.0000e+00   0.0000e+00
  1.1031e+02   1.1031e+02   4.7033e+00   0.0000e+00   0.0000e+00   0.0000e+00   0.0000e+00   0.0000e+00   0.0000e+00   0.0000e+00   0.0000e+00
  1.1712e+02   1.1712e+02   4.7632e+00   0.0000e+00   0.0000e+00   0.0000e+00   0.0000e+00   0.0000e+00   0.0000e+00   0.0000e+00   0.0000e+00
  1.2435e+02   1.2435e+02   4.8231e+00   0.0000e+00   0.0000e+00   0.0000e+00   0.0000e+00   0.0000e+00   0.0000e+00   0.0000e+00   0.0000e+00
  1.3203e+02   1.3203e+02   4.8830e+00   0.0000e+00   0.0000e+00   0.0000e+00   0.0000e+00   0.0000e+00   0.0000e+00   0.0000e+00   0.0000e+00
  1.4018e+02   1.4018e+02   4.9430e+00   0.0000e+00   0.0000e+00   0.0000e+00   0.0000e+00   0.0000e+00   0.0000e+00   0.0000e+00   0.0000e+00
  1.4884e+02   1.4884e+02   5.0029e+00   0.0000e+00   0.0000e+00   0.0000e+00   0.0000e+00   0.0000e+00   0.0000e+00   0.0000e+00   0.0000e+00
  1.5803e+02   1.5803e+02   5.0628e+00   0.0000e+00   0.0000e+00   0.0000e+00   0.0000e+00   0.0000e+00   0.0000e+00   0.0000e+00   0.0000e+00
  1.6779e+02   1.6779e+02   5.1227e+00   0.0000e+00   0.0000e+00   0.0000e+00   0.0000e+00   0.0000e+00   0.0000e+00   0.0000e+00   0.0000e+00
  1.7815e+02   1.7815e+02   5.1826e+00   0.0000e+00   0.0000e+00   0.0000e+00   0.0000e+00   0.0000e+00   0.0000e+00   0.0000e+00   0.0000e+00
  1.8915e+02   1.8915e+02   5.2425e+00   0.0000e+00   0.0000e+00   0.0000e+00   0.0000e+00   0.0000e+00   0.0000e+00   0.0000e+00   0.0000e+00
  2.0083e+02   2.0083e+02   5.3024e+00   0.0000e+00   0.0000e+00   0.0000e+00   0.0000e+00   0.0000e+00   0.0000e+00   0.0000e+00   0.0000e+00
  2.1323e+02   2.1323e+02   5.3624e+00   0.0000e+00   0.0000e+00   0.0000e+00   0.0000e+00   0.0000e+00   0.0000e+00   0.0000e+00   0.0000e+00
  2.2639e+02   2.2639e+02   5.4223e+00   0.0000e+00   0.0000e+00   0.0000e+00   0.0000e+00   0.0000e+00   0.0000e+00   0.0000e+00   0.0000e+00
  2.4037e+02   2.4037e+02   5.4822e+00   0.0000e+00   0.0000e+00   0.0000e+00   0.0000e+00   0.0000e+00   0.0000e+00   0.0000e+00   0.0000e+00
  2.5521e+02   2.5521e+02   5.5421e+00   0.0000e+00   0.0000e+00   0.0000e+00   0.0000e+00   0.0000e+00   0.0000e+00   0.0000e+00   0.0000e+00
  2.7097e+02   2.7097e+02   5.6020e+00   0.0000e+00   0.0000e+00   0.0000e+00   0.0000e+00   0.0000e+00   0.0000e+00   0.0000e+00   0.0000e+00
  2.8770e+02   2.8770e+02   5.6619e+00   0.0000e+00   0.0000e+00   0.0000e+00   0.0000e+00   0.0000e+00   0.0000e+00   0.0000e+00   0.0000e+00
  3.0547e+02   3.0547e+02   5.7218e+00   0.0000e+00   0.0000e+00   0.0000e+00   0.0000e+00   0.0000e+00   0.0000e+00   0.0000e+00   0.0000e+00
  3.2433e+02   3.2433e+02   5.7818e+00   0.0000e+00   0.0000e+00   0.0000e+00   0.0000e+00   0.0000e+00   0.0000e+00   0.0000e+00   0.0000e+00
  3.4436e+02   3.4436e+02   5.8417e+00   0.0000e+00   0.0000e+00   0.0000e+00   0.0000e+00   0.0000e+00   0.0000e+00   0.0000e+00   0.0000e+00
  3.6562e+02   3.6562e+02   5.9016e+00   0.0000e+00   0.0000e+00   0.0000e+00   0.0000e+00   0.0000e+00   0.0000e+00   0.0000e+00   0.0000e+00
  3.8819e+02   3.8819e+02   5.9615e+00   0.0000e+00   0.0000e+00   0.0000e+00   0.0000e+00   0.0000e+00   0.0000e+00   0.0000e+00   0.0000e+00
