# k_h
9.999999999999997430e-06
1.032828125941029149e-05
1.066733937734856542e-05
1.101752813788386773e-05
1.137921293915315443e-05
1.175277117462946511e-05
1.213859262690629842e-05
1.253707987440920781e-05
1.294864871145905732e-05
1.337372858212498234e-05
1.381276302832010079e-05
1.426621015260738813e-05
1.473454309619834861e-05
1.521825053264387481e-05
1.571783717773164436e-05
1.623382431612278168e-05
1.676675034527700593e-05
1.731717133723352495e-05
1.788566161883461123e-05
1.847281437099638075e-05
1.907924224765267430e-05
1.970557801501802257e-05
2.035247521183577792e-05
2.102060883130159912e-05
2.171067602537268528e-05
2.242339683219846813e-05
2.315951492743155521e-05
2.391979840020238518e-05
2.470504055456826354e-05
2.551606073727186850e-05
2.635370519267393581e-05
2.721884794575179419e-05
2.811239171408466242e-05
2.903526884977813236e-05
2.998844231231029788e-05
3.097290667331405813e-05
3.198968915434535391e-05
3.303985069871852694e-05
3.412448707852893217e-05
3.524473003801590281e-05
3.640174847446140451e-05
3.759674965785469731e-05
3.883098049059610949e-05
4.010572880855497926e-05
4.142232472483898880e-05
4.278214201767614082e-05
4.418659956385942331e-05
4.563716281924763072e-05
4.713534534786906454e-05
4.868271040122282528e-05
5.028087254942474154e-05
5.193149936590209860e-05
5.363631316739251686e-05
5.539709281106397438e-05
5.721567555063257151e-05
5.909395895340981489e-05
6.103390288028626544e-05
6.303753153071284916e-05
6.510693555481459076e-05
6.724427423484252546e-05
6.945177773823692701e-05
7.173174944465613616e-05
7.408656834939568556e-05
7.651869154570817787e-05
7.903065678861347966e-05
8.162508514287234503e-05
8.430468371788964839e-05
8.707224849239917925e-05
8.993066723187642718e-05
9.288292250172493474e-05
9.593209477938260043e-05
9.908136566858675510e-05
1.023340212191643106e-04
1.056934553557988091e-04
1.091631734193615380e-04
1.127467958244947717e-04
1.164480618372686028e-04
1.202708334768512423e-04
1.242190995452618831e-04
1.282969797894147415e-04
1.325087291997953669e-04
1.368587424502517604e-04
1.413515584835395072e-04
1.459918652473979458e-04
1.507845045861050479e-04
1.557344772926136996e-04
1.608469483265357052e-04
1.661272522034294632e-04
1.715808985610004888e-04
1.772135779080359999e-04
1.830311675620614243e-04
1.890397377819220666e-04
1.952455581016861814e-04
2.016551038724749046e-04
2.082750630190514918e-04
2.151123430182167460e-04
2.221740781062886666e-04
2.294676367231935829e-04
2.370006292009329879e-04
2.447809157044439636e-04
2.528166144331499211e-04
2.611161100917460342e-04
2.696880626390695738e-04
2.785414163241771066e-04
2.876854090190593795e-04
2.971295818577336331e-04
3.068837891917641672e-04
3.169582088726116947e-04
3.273633528715248634e-04
3.381100782480686421e-04
3.492095984787272527e-04
3.606734951574031922e-04
3.725137300800210045e-04
3.847426577258505464e-04
3.973730381485610975e-04
4.104180502904711822e-04
4.238913057338784514e-04
4.378068629038168167e-04
4.521792417370702841e-04
4.670234388327336103e-04
4.823549431001468023e-04
4.981897519205168547e-04
5.145443878390923561e-04
5.314359158053243940e-04
5.488819609789674951e-04
5.669007271207435628e-04
5.855110155867245501e-04
6.047322449462649548e-04
6.245844712439617896e-04
6.450884089267692242e-04
6.662654524581148978e-04
6.881376986415673564e-04
7.107279696773423014e-04
7.340598369757214909e-04
7.581576457522118742e-04
7.830465404301184323e-04
8.087524908770457556e-04
8.353023195026777932e-04
8.627237292461449429e-04
8.910453324821527351e-04
9.202966808760415550e-04
9.505082962189515764e-04
9.817117022752196599e-04
1.013939457675291922e-03
1.047225189888435423e-03
1.081603630310710518e-03
1.117110650504823987e-03
1.153783299629660515e-03
1.191659843098559360e-03
1.230779802506666142e-03
1.271183996869029113e-03
1.312914585212465604e-03
1.356015110565633383e-03
1.400530545393219826e-03
1.446507338521648301e-03
1.493993463605258667e-03
1.543038469183565312e-03
1.593693530381775150e-03
1.646011502308551699e-03
1.700046975206718309e-03
1.755856331414469085e-03
1.813497804196495273e-03
1.873031538506436536e-03
1.934519653744047607e-03
1.998026308572552028e-03
2.063617767863859531e-03
2.131362471841438677e-03
2.201331107493032652e-03
2.273596682327717455e-03
2.348234600554276272e-03
2.425322741760352948e-03
2.504941542174502021e-03
2.587174078595925152e-03
2.672106155079436319e-03
2.759826392466181461e-03
2.850426320853435488e-03
2.944000475100034403e-03
3.040646493467068570e-03
3.140465219496751774e-03
3.243560807235810681e-03
3.350040829913134618e-03
3.460016392185113598e-03
3.573602246065789648e-03
3.690916910662779375e-03
3.812082795843889111e-03
3.937226329963479550e-03
4.066478091781857394e-03
4.199972946715309179e-03
4.337850187558991641e-03
4.480253679829491326e-03
4.627332011878694702e-03
4.779238649935600887e-03
4.936132098237917994e-03
5.098176064420424994e-03
5.265539630332755246e-03
5.438397428464800294e-03
5.616929824163813256e-03
5.801323103833381720e-03
5.991769669310621771e-03
6.188468238624390133e-03
6.391624053344006559e-03
6.601449092734889765e-03
6.818162294944478570e-03
7.041989785449288310e-03
7.273165113001459590e-03
7.511929493320973136e-03
7.758532060787839447e-03
8.013230128396890001e-03
8.276289456246352372e-03
8.547984528840413959e-03
8.828598841495149604e-03
9.118425196146570655e-03
9.417766006869516399e-03
9.726933615426182345e-03
1.004625061717341616e-02
1.037605019766912016e-02
1.071667648032863587e-02
1.106848488549412243e-02
1.143184250129150245e-02
1.180712846666190190e-02
1.219473436696737884e-02
1.259506464258357272e-02
1.300853701090572308e-02
1.343558290220826616e-02
1.387664790981308835e-02
1.433219225503574133e-02
1.480269126739508674e-02
1.528863588058730974e-02
1.579053314474175573e-02
1.630890675549332217e-02
1.684429760042316024e-02
1.739726432343803239e-02
1.796838390767721214e-02
1.855825227755519141e-02
1.916748492056815148e-02
1.979671752951332395e-02
2.044660666579118172e-02
2.111783044448244800e-02
2.181108924191519846e-02
2.252710642645980657e-02
2.326662911331458736e-02
2.403042894406970040e-02
2.481930289186255051e-02
2.563407409296514922e-02
2.647559270567067385e-02
2.734473679737582999e-02
2.824241326078435685e-02
2.916955876018795940e-02
3.012714070881165190e-02
3.111615827824360664e-02
3.213764344100279030e-02
3.319266204733190700e-02
3.428231493733972096e-02
3.540773908965270944e-02
3.657010880777492728e-02
3.777063694539368327e-02
3.901057617190994281e-02
4.029122027951348439e-02
4.161390553316707264e-02
4.298001206490797976e-02
4.439096531392172640e-02
4.584823751389097146e-02
4.735334922917117106e-02
4.890787094139593949e-02
5.051342468816767683e-02
5.217168575554349819e-02
5.388438442608223938e-02
5.565330778427646230e-02
5.748030158125358446e-02
5.936727216069127150e-02
6.131618844795776180e-02
6.332908400455114495e-02
6.540805914998257253e-02
6.755528315331646438e-02
6.977299649665538728e-02
7.206351321293051615e-02
7.442922330043756640e-02
7.687259521663736273e-02
7.939617845382283823e-02
8.200260619934129913e-02
8.469459808314583338e-02
8.747496301554413822e-02
9.034660211810535690e-02
9.331251175078250637e-02
9.637578663841088467e-02
9.953962309984230872e-02
1.028073223830864996e-01
1.061822941099384576e-01
1.096680598336869927e-01
1.132682567136153590e-01
1.169866413101308261e-01
1.208270935044776090e-01
1.247936205471311399e-01
1.288903612390894238e-01
1.331215902504307991e-01
1.374917225806420451e-01
1.420053181653681829e-01
1.466670866343968427e-01
1.514818922258347467e-01
1.564547588616095886e-01
1.615908753895919370e-01
1.668956009978023458e-01
1.723744708063619790e-01
1.780332016430115627e-01
1.838776980082326984e-01
1.899140582361935614e-01
1.961485808579429557e-01
2.025877711735017128e-01
2.092383480396979301e-01
2.161072508808376813e-01
2.232016469295234895e-01
2.305289387051711048e-01
2.380967717380358395e-01
2.459130425468046555e-01
2.539859068780724316e-01
2.623237882163123591e-01
2.709353865732054278e-01
2.798296875655116311e-01
2.890159717909511761e-01
2.985038245118729616e-01
3.083031456568277040e-01
3.184241601504657071e-01
3.288774285825510346e-01
3.396738582272209594e-01
3.508247144239788895e-01
3.623416323323150334e-01
3.742366290721984567e-01
3.865221162631261032e-01
3.992109129748053764e-01
4.123162591029748136e-01
4.258518291843414461e-01
4.398317466650228380e-01
4.542705986374042659e-01
4.691834510607799102e-01
4.845858644816501415e-01
5.004939102700953768e-01
5.169241873891603500e-01
5.338938397147350301e-01
5.514205739240302107e-01
5.695226779712829757e-01
5.882190401699955995e-01
6.075291689016076857e-01
6.274732129711574347e-01
6.480719826311971410e-01
6.693469712958667328e-01
6.913203779678127603e-01
7.140151304013404587e-01
7.374549090259547857e-01
7.616641716552892127e-01
7.866681790071590186e-01
8.124930210614047521e-01
8.391656442830160989e-01
8.667138797389224436e-01
8.951664721378301826e-01
9.245531098233580325e-01
9.549044557518078236e-01
9.862521794868784886e-01
1.018628990244688559e+00
1.052068671023622892e+00
1.086606113854597933e+00
1.122277356208507104e+00
1.159119618598885681e+00
1.197171343418968137e+00
1.236472235053714952e+00
1.277063301308644760e+00
1.318986896198669267e+00
1.362286764141646511e+00
1.407008085602686531e+00
1.453197524236895521e+00
1.500903275579736684e+00
1.550175117335768515e+00
1.601064461318317589e+00
1.653624407094182125e+00
1.707909797389426831e+00
1.763977275314045245e+00
1.821885343465168949e+00
1.881694424970555612e+00
1.943466926536022266e+00
2.007267303562568106e+00
2.073162127401231292e+00
2.141220154815731469e+00
2.211512399725488631e+00
2.284112207303825581e+00
2.359095330508633737e+00
2.436540009125466089e+00
2.516527051405393678e+00
2.599139918382932901e+00
2.684464810961964876e+00
2.772590759860480869e+00
2.863609718508115964e+00
2.957616658993256653e+00
3.054709671159967499e+00
3.154990064958087981e+00
3.258562476153222587e+00
3.365534975507094018e+00
3.476019181541980529e+00
3.590130377007068496e+00
3.707987629168172372e+00
3.829713914046284806e+00
3.955436244734702012e+00
4.085285803928564441e+00
4.219398080805023099e+00
4.357913012397029107e+00
4.500975129608050906e+00
4.648733708020255762e+00
4.801342923653455053e+00
4.958962013837211913e+00
5.121755443364241600e+00
5.289893076098156399e+00
5.463550352214874728e+00
5.642908471262541248e+00
5.828154581230839959e+00
6.019481973827273791e+00
6.217090286163832857e+00
6.421185709064758385e+00
6.631981202212675619e+00
6.849696716357454029e+00
7.074559422819877597e+00
7.306803950529506153e+00
7.546672630843885621e+00
7.794415750404948717e+00
8.050291812295988336e+00
8.314567805772064446e+00
8.587519484845175910e+00
8.869431656014702625e+00
9.160598475443709532e+00
9.461323755890777676e+00
9.771921283717995621e+00
1.009271514630571431e+01
1.042404007021555579e+01
1.076624177045493269e+01
1.111967731120699732e+01
1.148471547840288842e+01
1.186173716452479177e+01
1.225113576604117327e+01
1.265331759388942778e+01
1.306870229743347700e+01
1.349772330233941275e+01
1.394082826282578402e+01
1.439847952876009174e+01
1.487115462808953481e+01
1.535934676510898633e+01
1.586356533508589806e+01
1.638433645577984521e+01
1.692220351641039144e+01
1.747772774464680978e+01
1.805148879221109937e+01
1.864408533970485138e+01
1.925613572129197948e+01
1.988827856988811860e+01
2.054117348353064187e+01
2.121550171362451920e+01
2.191196687578147007e+01
2.263129568399530100e+01
2.337423870891817401e+01
2.414157116103017842e+01
2.493409369951879739e+01
2.575263326771198180e+01
2.659804395593758386e+01
2.747120789270813646e+01
2.837303616516210880e+01
2.930446976972144668e+01
3.026648059395694901e+01
3.126007243068703545e+01
3.228628202536732772e+01
3.334618015786362122e+01
3.444087275973823381e+01
3.557150206821388849e+01
3.673924781802073625e+01
3.794532847236942530e+01
3.919100249433402183e+01
4.047756965997321998e+01
4.180637241455760744e+01
4.317879727332020678e+01
4.459627626819095525e+01
4.606028844202398886e+01
4.757236139187888568e+01
4.913407286296367715e+01
5.074705239490464237e+01
5.241298302206060811e+01
5.413360302965374871e+01
5.591070776755291405e+01
5.774615152359822901e+01
5.964184945842457353e+01
6.159977960380170714e+01
6.362198492657496018e+01
6.571057546036271901e+01
6.786773050723300571e+01
7.009570091165618066e+01
7.239681140910875001e+01
7.477346305177592001e+01
7.722813571388638820e+01
7.976339067929282578e+01
8.238187331399596758e+01
8.508631582640582280e+01
8.787954011821327072e+01
9.076446072885356386e+01
9.374408787662997611e+01
9.682153059967073716e+01
9.999999999999994316e+01
1.008120420908389292e+02
1.016306783052507399e+02
1.024559621902945423e+02
1.032879477278537053e+02
1.041266893381676226e+02
1.049722418833905948e+02
1.058246606711810216e+02
1.066840014583184342e+02
1.075503204543512368e+02
1.084236743252726711e+02
1.093041201972280447e+02
1.101917156602506651e+02
1.110865187720295069e+02
1.119885880617061247e+02
1.128979825337033418e+02
1.138147616715850461e+02
1.147389854419462836e+02
1.156707142983364776e+02
1.166100091852129594e+02
1.175569315419280798e+02
1.185115433067471855e+02
1.194739069209008306e+02
1.204440853326682230e+02
1.214221420014954873e+02
1.224081409021458029e+02
1.234021465288846997e+02
1.244042238996980387e+02
1.254144385605450225e+02
1.264328565896460361e+02
1.274595446018039269e+02
1.284945697527622315e+02
1.295379997435969983e+02
1.305899028251458844e+02
1.316503478024716571e+02
1.327194040393636385e+02
1.337971414628737818e+02
1.348836305678916574e+02
1.359789424217545672e+02
1.370831486688969107e+02
1.381963215355355885e+02
1.393185338343953106e+02
1.404498589694703412e+02
1.415903709408262898e+02
1.427401443494408397e+02
1.438992544020824766e+02
1.450677769162308550e+02
1.462457883250348800e+02
1.474333656823134220e+02
1.486305866675942298e+02
1.498375295911959881e+02
1.510542733993496540e+02
1.522808976793633633e+02
1.535174826648270709e+02
1.547641092408618988e+02
1.560208589494096998e+02
1.572878139945672729e+02
1.585650572479636935e+02
1.598526722541799074e+02
1.611507432362147085e+02
1.624593551009924965e+02
1.637785934449181013e+02
1.651085445594747227e+02
1.664492954368692779e+02
1.678009337757214041e+02
1.691635479868011203e+02
1.705372271988103705e+02
1.719220612642143919e+02
1.733181407651177892e+02
1.747255570191899210e+02
1.761444020856385748e+02
1.775747687712304526e+02
1.790167506363628149e+02
1.804704420011821639e+02
1.819359379517549371e+02
1.834133343462856942e+02
1.849027278213887371e+02
1.864042157984076766e+02
1.879178964897890580e+02
1.894438689055051839e+02
1.909822328595316776e+02
1.925330889763750122e+02
1.940965386976556317e+02
1.956726842887421469e+02
1.972616288454410096e+02
1.988634763007405297e+02
2.004783314316079554e+02
2.021062998658442496e+02
2.037474880889919575e+02
2.054020034513017094e+02
2.070699541747526098e+02
2.087514493601325682e+02
2.104465989941730584e+02
2.121555139567448691e+02
2.138783060281093924e+02
2.156150878962308184e+02
2.173659731641474480e+02
2.191310763574020939e+02
2.209105129315326792e+02
2.227043992796247949e+02
2.245128527399254494e+02
2.263359916035167601e+02
2.281739351220550702e+02
2.300268035155695543e+02
2.318947179803274423e+02
2.337778006967598401e+02
2.356761748374551644e+02
2.375899645752143385e+02
2.395192950911744845e+02
2.414642925829956255e+02
2.434250842731158855e+02
2.454017984170738487e+02
2.473945643118960902e+02
2.494035123045563580e+02
2.514287738004998971e+02
2.534704812722402778e+02
2.555287682680227590e+02
2.576037694205614343e+02
2.596956204558439367e+02
2.618044582020108351e+02
2.639304205983040674e+02
2.660736467040904358e+02
2.682342767079575765e+02
2.704124519368836559e+02
2.726083148654808497e+02
2.748220091253151622e+02
2.770536795143020186e+02
2.793034720061760368e+02
2.815715337600408361e+02
2.838580131299929690e+02
2.861630596748277640e+02
2.884868241678197478e+02
2.908294586065870817e+02
2.931911162230313721e+02
2.955719514933629739e+02
2.979721201482032598e+02
3.003917791827716428e+02
3.028310868671555340e+02
3.052902027566619836e+02
3.077692877022537346e+02
3.102685038610710535e+02
3.127880147070392809e+02
3.153279850415597707e+02
3.178885810042916660e+02
3.204699700840169498e+02
3.230723211295982651e+02
3.256958043610210325e+02
3.283405913805287923e+02
3.310068551838480175e+02
3.336947701715032508e+02
3.364045121602242148e+02
3.391362583944464291e+02
3.418901875579057332e+02
3.446664797853239861e+02
3.474653166741937866e+02
3.502868812966548262e+02
3.531313582114708538e+02
3.559989334760990118e+02
3.588897946588627406e+02
3.618041308512179626e+02
3.647421326801240298e+02
3.677039923205103378e+02
3.706899035078478732e+02
3.737000615508216015e+02
3.767346633441054564e+02
3.797939073812400466e+02
3.828779937676173972e+02
3.859871242335702277e+02
3.891215021475654225e+02
3.922813325295085178e+02
3.954668220641517564e+02
3.986781791146158866e+02
4.019156137360170078e+02
4.051793376892068750e+02
4.084695644546254130e+02
4.117865092462636198e+02
4.151303890257398166e+02
4.185014225164920276e+02
4.218998302180854125e+02
4.253258344206344077e+02
4.287796592193420793e+02
4.322615305291586196e+02
4.357716760995601248e+02
4.393103255294426503e+02
4.428777102821434255e+02
4.464740637005779149e+02
4.500996210225058007e+02
4.537546193959152561e+02
4.574392978945358550e+02
4.611538975334773909e+02
4.648986612849936364e+02
4.686738340943746834e+02
4.724796628959693976e+02
4.763163966293387830e+02
4.801842862555361080e+02
4.840835847735257289e+02
4.880145472367285038e+02
4.919774307697080076e+02
4.959724945849857249e+02
4.999999999999998863e+02
