# bin_1
0.000000000000000000e+00
3.805890883321121711e-05
3.805890883321121684e-03
1.453850317428668527e-02
3.078965724606787246e-02
5.845847307907305751e-02
5.876296618393374999e-02
9.727855285814498987e-02
1.278779574987159162e-01
1.133393671719948315e-01
1.037486048040177633e-01
1.461081782254674000e-01
1.956989456721420495e-01
1.972593612249537998e-01
1.937958554868360328e-01
1.829490725304832865e-01
1.877828310694577285e-01
2.800372947117320543e-01
2.420545249207142757e-01
2.765743480708855451e-01
2.883721910887189210e-01
2.222261756413789757e-01
3.134910568823778831e-01
3.736240992368949909e-01
4.007606832511936834e-01
3.555841865305398586e-01
2.987246536408945663e-01
2.679722280437401016e-01
2.647760753445921322e-01
3.028350196229580571e-01
3.447368898764661127e-01
3.785342597926280028e-01
4.393524527494567788e-01
4.125196676276237651e-01
5.293999149120708347e-01
3.393716061301894071e-01
3.703885418721316047e-01
4.066598196143405008e-01
6.164407204766937376e-01
5.410840108055291475e-01
4.619200300762497102e-01
5.709222231197680353e-01
4.049471671218139446e-01
3.983998413807515182e-01
3.961174920492331331e-01
4.549946788478653192e-01
4.643938540817663663e-01
7.462978383544784933e-01
5.538337571387816904e-01
4.840322108024835424e-01
5.880106891007543801e-01
5.384960025946002871e-01
4.891716108098379534e-01
4.982676984923674057e-01
6.257614319925496327e-01
6.414073879233018749e-01
7.647183673852075980e-01
6.291143489213896212e-01
7.470970761843241936e-01
7.330533257456071095e-01
6.830398017254766252e-01
7.925775145969714552e-01
7.368592201734437408e-01
7.139477357178674044e-01
7.037479386512652813e-01
7.386099316102485712e-01
8.530861512050236239e-01
7.110552559527115735e-01
7.057270037537402008e-01
7.584005826349988766e-01
8.111502794048142118e-01
8.135099339500727611e-01
7.039720963122606534e-01
7.238050022859641164e-01
6.268308122646877312e-01
6.874587105001246368e-01
7.385718726659701305e-01
7.466023099087054637e-01
7.804747703164511829e-01
6.891672552317897882e-01
7.794091198766568418e-01
8.250798530106959738e-01
8.546135937707081132e-01
7.893805632775886538e-01
7.673063755961364585e-01
7.130300710607235803e-01
8.682386958223631268e-01
9.204936263165596211e-01
1.011987328361751315e+00
9.988189336414368125e-01
1.108733164717357722e+00
1.214301438338054151e+00
9.510168996278089981e-01
9.555459139969346705e-01
9.222062788090861218e-01
9.719112600366319743e-01
8.956791946470649135e-01
7.342668353869516995e-01
6.866214137260006067e-01
8.079533280854312993e-01
8.239380846823449733e-01
8.018638970008927780e-01
7.370114559505571705e-01
7.546708060957190156e-01
7.077441278004936720e-01
7.686384386458793294e-01
7.418449418739095913e-01
7.335774060330241264e-01
7.850418436298549629e-01
6.972779181239431301e-01
6.967450929040459595e-01
6.201324380716952689e-01
6.263360459890690013e-01
6.902370134324453677e-01
7.308839659217402085e-01
6.860885885061034362e-01
7.151656219347750643e-01
6.778297975976981249e-01
5.749564712132748667e-01
5.634940116070015215e-01
6.122542366060734764e-01
6.588383844027934089e-01
6.960980908513137999e-01
6.566309656346481782e-01
6.049469193046271842e-01
5.427205454094988779e-01
6.448326929083547654e-01
5.616738996601250422e-01
5.158128718046941508e-01
5.803989002450812285e-01
5.561172937954836915e-01
5.922352319156530820e-01
6.153677342748620216e-01
5.328252198971237252e-01
4.887910213670542681e-01
4.679727788467880623e-01
4.076874111098563458e-01
3.669262817877264049e-01
4.094761814909396169e-01
4.786673421890089153e-01
5.125778615410330197e-01
4.550707967364220341e-01
4.486388351533782126e-01
5.308842137389271354e-01
4.980334078001635301e-01
4.228348709326460453e-01
4.052516386760409151e-01
4.150708462998592974e-01
4.366122087614144887e-01
4.636721181433327565e-01
3.984771465944917934e-01
4.099328888222799061e-01
4.712839069990059082e-01
4.545379715165248635e-01
4.393524527494567788e-01
3.813125627249487337e-01
3.439767383878716833e-01
3.567222322566814263e-01
3.301994005591031844e-01
3.263554471869882234e-01
3.535295334017415358e-01
3.432155595023043682e-01
2.836152527623832520e-01
2.921785152250155893e-01
3.019977228488340271e-01
2.986865946966161811e-01
2.913412184508915592e-01
2.801899477773303060e-01
2.712460958719143389e-01
2.448683284262763715e-01
2.335677410363320439e-01
2.297999055527737700e-01
2.232157081926164632e-01
2.258037164035453515e-01
2.069264800414758465e-01
1.843194671401264251e-01
1.638818140626439046e-01
1.724450765252762696e-01
1.891529530634789014e-01
2.172023949966346568e-01
1.928827296027587901e-01
1.644907571710977623e-01
1.711490321624129229e-01
1.786106254983715336e-01
1.858418249112610832e-01
1.998855753499781118e-01
2.065078316544138037e-01
2.058608296016815886e-01
1.770882677272368755e-01
1.577543240338269981e-01
1.555088463214033823e-01
1.596953301920236434e-01
1.635012246198602470e-01
1.543290190487740243e-01
1.554689340412401255e-01
1.500664172895970483e-01
1.427590999881507838e-01
1.313033577603626434e-01
1.233109794619057786e-01
1.364032562936636772e-01
1.331682460300025461e-01
1.264698718370101393e-01
1.177543735972643307e-01
1.028352674401448730e-01
9.910549090086501201e-02
1.008562023376698563e-01
1.090769343017968795e-01
1.053090988182386473e-01
1.088866395804050646e-01
1.086202269704564932e-01
9.693613107699815268e-02
8.928628327704657419e-02
8.384385424524025410e-02
8.532611873695748750e-02
9.373917975761540677e-02
9.800178151679239669e-02
9.145564310091343352e-02
9.320635453771827783e-02
8.049466714874403683e-02
7.558506333683483180e-02
7.235005307317372847e-02
6.846804075678039614e-02
6.782103870404818102e-02
6.542332521451110772e-02
6.915310175379098256e-02
6.226443283940674700e-02
5.826824369017830768e-02
5.906748152002400110e-02
5.979060146131295189e-02
5.990477829414805194e-02
5.640335542053837720e-02
6.348231905631446237e-02
6.591809149012987923e-02
6.287337594786060468e-02
5.663170908620857730e-02
5.617500175486819097e-02
4.959080439471087037e-02
5.065645483450511438e-02
4.981797030627891504e-02
5.187434105141282281e-02
5.099898533301041453e-02
4.578490996687427372e-02
4.216931026042950587e-02
4.186483870620257702e-02
4.997139383749452796e-02
4.707891407233871089e-02
4.909603811909211274e-02
3.649852756295297179e-02
3.512840556893179894e-02
3.155086480676539545e-02
3.273069207939473951e-02
3.288292785650821087e-02
3.014268386846585476e-02
2.629873049635089027e-02
2.858226715305285312e-02
2.881062081872304281e-02
3.037103753413605139e-02
2.721214515903167680e-02
2.869644398588794970e-02
2.846809032021775307e-02
2.485249061377298521e-02
2.196001084861716815e-02
2.032347624464743430e-02
2.135055870269096656e-02
2.161748035011187494e-02
2.097047829737965288e-02
1.598475659691371217e-02
1.507134193423292738e-02
1.526163665562475964e-02
1.762129120088344950e-02
1.784964486655364613e-02
1.762129120088344950e-02
1.320645366459299516e-02
1.415792727155214432e-02
1.229303900191221210e-02
1.084679911933430357e-02
1.210274428052038158e-02
1.160797800490162394e-02
9.058028738251103565e-03
8.296849852683783194e-03
8.372967741240515405e-03
7.954319354178489981e-03
9.248323459642932357e-03
7.725965688508293350e-03
7.764024632786659455e-03
7.878201465621757771e-03
8.182673019848684878e-03
7.992378298456856087e-03
8.448884192508724494e-03
9.324441348199664567e-03
8.372967741240515405e-03
8.106555131291952668e-03
7.269258357167901821e-03
6.241666861652020448e-03
5.784959530311628920e-03
4.034248093506794149e-03
3.767835483558231845e-03
4.110365982063526359e-03
3.425304985052938199e-03
3.235010263661108106e-03
4.871544867630844995e-03
