# 2pt_inverse_covariance
4.725372936839060669e+11 -1.239997918266242523e+11 -5.779509086627279663e+10 -8.426127332171432495e+10 -1.144944468291587372e+11 -1.337935378551484375e+11 -9.614644043275413513e+10 1.132250041263911896e+11 2.931665600890843582e+10 -4.684651595747965813e+09 1.182603338835899353e+10 1.953005491546001892e+11 5.473279522052678680e+10 -1.221904215363931732e+11 -2.329457636049175720e+11 -3.015168174616340942e+11 -3.466494649751451416e+11 -3.416768731721729126e+11
-1.239997918266243134e+11 7.139650383957000732e+11 -1.910356028942003784e+11 -1.034363660653983459e+11 -1.552590058267089844e+11 -1.806352829186454773e+11 -1.330108128617881012e+11 1.416696092462053223e+11 3.753345750885057831e+10 -5.917956782954176903e+09 -3.583165015974850464e+10 -3.824012861928884888e+10 3.417919008367824097e+11 9.818835199941300964e+10 -1.598903401877432861e+11 -3.136102291184629517e+11 -4.134840791514604492e+11 -4.326753218726453857e+11
-5.779509086627279663e+10 -1.910356028942003784e+11 1.023329032693724487e+12 -3.111119701290067749e+11 -2.097734861154281006e+11 -2.776170991576065674e+11 -2.073701085045356140e+11 1.873282691724274902e+11 5.184201539326853943e+10 -7.979954637293686867e+09 3.602879212382059574e+09 -8.816314655953230286e+10 -1.146988725299147949e+11 6.053817200551696777e+11 1.394204578510757751e+11 -2.541615286024581604e+11 -4.957706689481702271e+11 -5.856425794841563721e+11
-8.426127332171430969e+10 -1.034363660653983154e+11 -3.111119701290067139e+11 1.444074083976433838e+12 -5.003431127933222046e+11 -3.770386886539901733e+11 -3.352062619282985229e+11 2.120262936146469421e+11 6.440545896787441254e+10 -9.361903942642675400e+09 5.604128749710033417e+09 -1.697518763581377792e+10 -1.754374436891333313e+11 -2.461391237268278198e+11 1.041265492537163208e+12 1.982771069803267212e+11 -4.056438824624677124e+11 -6.975477334000950928e+11
-1.144944468291586761e+11 -1.552590058267089539e+11 -2.097734861154281006e+11 -5.003431127933222046e+11 2.033004485283594971e+12 -7.339469333592067871e+11 -4.844043082982092896e+11 1.123235556849303131e+11 5.955340626222140503e+10 -6.974173721971261978e+09 7.556591387525974274e+09 -3.168109293429111481e+10 -5.367604991334529114e+10 -2.963586258268970947e+11 -4.484481560041552124e+11 1.742922545620775635e+12 2.981605229901043091e+11 -5.252339315011886597e+11
-1.337935378551484680e+11 -1.806352829186454773e+11 -2.776170991576065674e+11 -3.770386886539902344e+11 -7.339469333592069092e+11 2.928063122390416992e+12 -8.878870629534604492e+11 -3.293925975411031494e+11 -1.765978967995338058e+10 9.646955597164115906e+09 8.889034059866168976e+09 -3.571605660863613129e+10 -8.656914052109690857e+10 -7.707332122031623840e+10 -4.454368131968323364e+11 -7.192271492574268799e+11 2.827974258682453613e+12 5.814703004214003906e+11
-9.614644043275411987e+10 -1.330108128617881165e+11 -2.073701085045355835e+11 -3.352062619282985229e+11 -4.844043082982092285e+11 -8.878870629534604492e+11 4.120359652307294434e+12 -1.734870813241566650e+12 -3.081627028905637817e+11 6.686949789988142395e+10 6.597864905528223038e+09 -2.501358630670748138e+10 -5.777861652727986145e+10 -8.879612887490310669e+10 -2.819685908772373962e+10 -5.899781952760347900e+11 -9.987383410762967529e+11 4.379824341532336426e+12
1.132250041263911896e+11 1.416696092462053528e+11 1.873282691724274902e+11 2.120262936146469116e+11 1.123235556849303131e+11 -3.293925975411030273e+11 -1.734870813241566650e+12 1.857546707948311523e+12 -7.067326952513950195e+11 1.473477902781777039e+11 -6.720235664295314789e+09 3.340765691733196259e+10 7.546437769320155334e+10 1.050266975093398132e+11 1.069281299446173401e+11 2.214494317486162720e+11 -5.744860934542874756e+11 -1.729369362652352539e+12
2.931665600890843964e+10 3.753345750885057068e+10 5.184201539326853943e+10 6.440545896787440491e+10 5.955340626222138977e+10 -1.765978967995339584e+10 -3.081627028905637207e+11 -7.067326952513950195e+11 1.451422855230191406e+12 -6.749054515826140137e+11 -1.800546222566388130e+09 8.420585037015938759e+09 1.921531203222447205e+10 2.608084073810603714e+10 3.246749571508908463e+10 1.847332448726716995e+10 1.313373677170438538e+11 -7.894528739706243896e+11
-4.684651595747964859e+09 -5.917956782954178810e+09 -7.979954637293681145e+09 -9.361903942642669678e+09 -6.974173721971270561e+09 9.646955597164131165e+09 6.686949789988143158e+10 1.473477902781777039e+11 -6.749054515826140137e+11 5.197692605160500488e+11 2.820638903206987977e+08 -1.366399986894476891e+09 -3.105631905365840912e+09 -4.203828035717519760e+09 -5.266958439926549911e+09 -2.699393939497735023e+09 -2.306997759876674271e+10 1.422880134145864868e+11
1.182603338835899734e+10 -3.583165015974849701e+10 3.602879212382061481e+09 5.604128749710031509e+09 7.556591387525974274e+09 8.889034059866170883e+09 6.597864905528225899e+09 -6.720235664295315742e+09 -1.800546222566391945e+09 2.820638903207028508e+08 4.509972418768306274e+11 -1.317166727160003052e+11 -3.240019031285935593e+10 -9.625185564219129562e+09 4.528303096720273972e+09 1.342385459982473946e+10 1.914970241617098236e+10 2.064596584661590195e+10
1.953005491546001587e+11 -3.824012861928884888e+10 -8.816314655953231812e+10 -1.697518763581375885e+10 -3.168109293429111481e+10 -3.571605660863613892e+10 -2.501358630670748138e+10 3.340765691733196640e+10 8.420585037015934944e+09 -1.366399986894475460e+09 -1.317166727160002899e+11 7.166727032356960449e+11 -1.865529053414440308e+11 -9.488482518184321594e+10 -1.045103291737717590e+11 -1.059125331338115540e+11 -1.076755481684645691e+11 -9.942310436142242432e+10
5.473279522052674103e+10 3.417919008367824707e+11 -1.146988725299147949e+11 -1.754374436891333618e+11 -5.367604991334529114e+10 -8.656914052109690857e+10 -5.777861652727986908e+10 7.546437769320156860e+10 1.921531203222447968e+10 -3.105631905365851402e+09 -3.240019031285935593e+10 -1.865529053414440308e+11 1.025149740261043823e+12 -3.032607463524052734e+11 -2.045163997643000183e+11 -2.309293469896144714e+11 -2.407050262671758118e+11 -2.257735815374719238e+11
-1.221904215363931732e+11 9.818835199941297913e+10 6.053817200551696777e+11 -2.461391237268278809e+11 -2.963586258268970947e+11 -7.707332122031622314e+10 -8.879612887490310669e+10 1.050266975093397827e+11 2.608084073810606766e+10 -4.203828035717519283e+09 -9.625185564219129562e+09 -9.488482518184321594e+10 -3.032607463524053345e+11 1.475094042083514648e+12 -4.013593899551618652e+11 -3.015470892031685181e+11 -3.274273059213302002e+11 -3.101009508512883301e+11
-2.329457636049175720e+11 -1.598903401877432861e+11 1.394204578510757446e+11 1.041265492537163330e+12 -4.484481560041552124e+11 -4.454368131968322754e+11 -2.819685908772375870e+10 1.069281299446173553e+11 3.246749571508908081e+10 -5.266958439926565170e+09 4.528303096720274925e+09 -1.045103291737717438e+11 -2.045163997643000183e+11 -4.013593899551618652e+11 2.195850399352339111e+12 -4.304576267242045898e+11 -3.846430254880615845e+11 -3.531403831380806885e+11
-3.015168174616340332e+11 -3.136102291184630127e+11 -2.541615286024582214e+11 1.982771069803266602e+11 1.742922545620775635e+12 -7.192271492574267578e+11 -5.899781952760349121e+11 2.214494317486162720e+11 1.847332448726714706e+10 -2.699393939497745991e+09 1.342385459982473564e+10 -1.059125331338115540e+11 -2.309293469896144104e+11 -3.015470892031685181e+11 -4.304576267242045898e+11 3.318972783938019531e+12 -3.485948494530290527e+11 -4.241676814876962891e+11
-3.466494649751451416e+11 -4.134840791514604492e+11 -4.957706689481702271e+11 -4.056438824624676514e+11 2.981605229901043091e+11 2.827974258682453125e+12 -9.987383410762966309e+11 -5.744860934542874756e+11 1.313373677170438690e+11 -2.306997759876671982e+10 1.914970241617098236e+10 -1.076755481684645538e+11 -2.407050262671757812e+11 -3.274273059213302002e+11 -3.846430254880615845e+11 -3.485948494530289917e+11 4.999258537899227539e+12 -3.525274524493660736e+10
-3.416768731721728516e+11 -4.326753218726453857e+11 -5.856425794841563721e+11 -6.975477334000949707e+11 -5.252339315011885376e+11 5.814703004214003906e+11 4.379824341532335938e+12 -1.729369362652352295e+12 -7.894528739706242676e+11 1.422880134145864563e+11 2.064596584661590576e+10 -9.942310436142240906e+10 -2.257735815374719238e+11 -3.101009508512883301e+11 -3.531403831380806885e+11 -4.241676814876960449e+11 -3.525274524493657684e+10 7.429958035451918945e+12
