# bin_1_1
6.856076224570194185e-08
7.016706163810213802e-08
7.202657128348664703e-08
7.417407431877420919e-08
7.664545690404436145e-08
7.948270832770017014e-08
8.274235755409710963e-08
8.648827278498904843e-08
9.076847250381503901e-08
9.561769701535169363e-08
1.011024731569657363e-07
1.073025310179341863e-07
1.142213837590477445e-07
1.219373139892848110e-07
1.304674593941089955e-07
1.398315626010076521e-07
1.500174002717758492e-07
1.609915315605824015e-07
1.727034716550096741e-07
1.850515405716972716e-07
1.978873684873281394e-07
2.110161482334763428e-07
2.241631535744836780e-07
2.370422262711564340e-07
2.493454999302031891e-07
2.608314932896599130e-07
2.712142277530822617e-07
2.800133865078793981e-07
2.867220334981462491e-07
2.911863926697889110e-07
2.930409506539594505e-07
2.918396840329928497e-07
2.875050243014252111e-07
2.800041627535146625e-07
2.691327489113590556e-07
2.554961681166696838e-07
2.390489341070794278e-07
2.203062623835536031e-07
1.999947234093326550e-07
1.788409282953064268e-07
1.574458029363214320e-07
1.369278040344141784e-07
1.179757149590710724e-07
1.008034634671848914e-07
8.550492750078935404e-08
7.209289925277936746e-08
6.017414506018708075e-08
4.952762733504682911e-08
4.043776187678148662e-08
3.278564791781970559e-08
2.656168023744795577e-08
2.158733666976490067e-08
1.748750486350845760e-08
1.419654021920570314e-08
1.156223689225939336e-08
9.455031153053902975e-09
7.761699575511872657e-09
6.397203844313413477e-09
5.287977046597990668e-09
4.378525208246363597e-09
3.626278102199026393e-09
2.999016084398479721e-09
2.472632813038115976e-09
2.029175139413299484e-09
1.655182658282222690e-09
1.340306664142864312e-09
1.076339749435647083e-09
8.565018487060904401e-10
6.749598217826001090e-10
5.265290605401628891e-10
4.065092568234577931e-10
3.106077115882076207e-10
2.349165243916590969e-10
1.759175219186914054e-10
1.304953577372464766e-10
9.594437120520735736e-11
6.996352285716251126e-11
5.063699592166274879e-11
3.640314702777740909e-11
2.601458042619362753e-11
1.849377049075494253e-11
1.308799165711005276e-11
9.226657113251931951e-12
6.483310626156348136e-12
4.543193240940847591e-12
3.176536740159980456e-12
2.216876792207483154e-12
1.544989557350972760e-12
1.075570189387399710e-12
7.482977425286723314e-13
5.205871347055210243e-13
3.623594838979552756e-13
2.525870133988957976e-13
1.766622353527812567e-13
1.242236133430860074e-13
8.814442273822738470e-14
6.346055752067439635e-14
4.670554526262890213e-14
3.541110563812658832e-14
2.791984364171840316e-14
