    0.283734835416125208E+00    0.156752792600075663E-08    0.683850476161366183E+00   -0.189274341825979242E+02    0.818137723647763160E+00    0.669109351709692768E+00    0.194673079775545226E+02   -0.225401100146426734E+04   -0.227347830944182169E+04
    0.288106790578856575E+00    0.868684941697806018E-09    0.856937766090909658E+00   -0.189361639748328372E+02    0.857551382970091702E+00    0.650995893910714996E+00    0.194673079775545226E+02   -0.225384916934710736E+04   -0.227331647732466172E+04
    0.321214304289853647E+00    0.171900528354638996E-08    0.614529036320883182E+00   -0.191714760757441596E+02    0.834791671845584227E+00    0.680106359425661444E+00    0.194673079775545226E+02   -0.225302269507854407E+04   -0.227249000305609843E+04
    0.308893233227291786E+00    0.212005369045791605E-08    0.570556973069807793E+00   -0.190913351166950775E+02    0.864268407555879636E+00    0.671050995602709421E+00    0.194673079775545226E+02   -0.225215435579576342E+04   -0.227162166377331778E+04
    0.321724515443211345E+00    0.901250193111493004E-09    0.770362273037320744E+00   -0.189766968792910795E+02    0.822104877173014947E+00    0.638984348447269812E+00    0.194673079775545226E+02   -0.225208856435757616E+04   -0.227155587233513052E+04
    0.319787086732145565E+00    0.193662249190318419E-08    0.582312033240393934E+00   -0.194934181581376471E+02    0.877128055158512665E+00    0.674926400460668208E+00    0.194673079775545226E+02   -0.225204037342198035E+04   -0.227150768139953470E+04
    0.304877136075837329E+00    0.160742552505615969E-08    0.640196007916011167E+00   -0.189994375095407584E+02    0.859361713719132836E+00    0.663452390273427728E+00    0.194673079775545226E+02   -0.225195842950306405E+04   -0.227142573748061841E+04
    0.289403127645561753E+00    0.146980282628203907E-08    0.692929072841892646E+00   -0.190174592940861658E+02    0.832449549074544271E+00    0.668242672964138751E+00    0.194673079775545226E+02   -0.225193794576011123E+04   -0.227140525373766559E+04
    0.292442804523308841E+00    0.120161687887212330E-08    0.781827204793203778E+00   -0.191478159002472630E+02    0.809955303337316579E+00    0.699164128176030242E+00    0.194673079775545226E+02   -0.225189735774867268E+04   -0.227136466572622703E+04
    0.278342997809349901E+00    0.146919363305401721E-08    0.759124211595961218E+00   -0.194656288393536876E+02    0.811734016926342505E+00    0.719580747883334482E+00    0.194673079775545226E+02   -0.225183365546768664E+04   -0.227130096344524100E+04
    0.317160806203737100E+00    0.165374181588213895E-08    0.628143301249326602E+00   -0.193401750413265958E+02    0.842472105379684089E+00    0.678055437493445656E+00    0.194673079775545226E+02   -0.225133206012496294E+04   -0.227079936810251729E+04
    0.263004644157602829E+00    0.211946942975650498E-08    0.672179231956127166E+00   -0.192732082255803547E+02    0.813872799066602925E+00    0.716669067301024088E+00    0.194673079775545226E+02   -0.225130975183663531E+04   -0.227077705981418967E+04
    0.308552694048001674E+00    0.151809380652474199E-08    0.666831347858369727E+00   -0.194516782427554489E+02    0.851619432412403121E+00    0.682416682865059188E+00    0.194673079775545226E+02   -0.225130374119089856E+04   -0.227077104916845292E+04
    0.319752798085277512E+00    0.120869459653744957E-08    0.691684757454496424E+00   -0.193915799594902971E+02    0.861627259936968204E+00    0.652086070478452906E+00    0.194673079775545226E+02   -0.225115019454310232E+04   -0.227061750252065667E+04
    0.316857487133689109E+00    0.210648472908301707E-08    0.570949499469007304E+00   -0.192318148048198729E+02    0.856223308238353353E+00    0.682694828534472831E+00    0.194673079775545226E+02   -0.225093308978189407E+04   -0.227040039775944842E+04
    0.270295914224298106E+00    0.179246867254459304E-08    0.701361797788742525E+00   -0.192889174150535041E+02    0.824363025763496959E+00    0.708512207798863591E+00    0.194673079775545226E+02   -0.225076010626868219E+04   -0.227022741424623655E+04
    0.312447035281523400E+00    0.887355473006142479E-09    0.790995377107540643E+00   -0.194508839972362111E+02    0.849643056786653084E+00    0.639380650175463638E+00    0.194673079775545226E+02   -0.225065147881828807E+04   -0.227011878679584242E+04
    0.306753090371888915E+00    0.126701090866572280E-08    0.699007308279270267E+00   -0.193853815693501339E+02    0.841506000369995788E+00    0.655355358001211585E+00    0.194673079775545226E+02   -0.225059313840324512E+04   -0.227006044638079948E+04
    0.309816592749544872E+00    0.165842717895066874E-08    0.631313780014581716E+00   -0.189140407109660202E+02    0.861121768663584586E+00    0.671083440526695441E+00    0.194673079775545226E+02   -0.225055242143052828E+04   -0.227001972940808264E+04
    0.286963416897180856E+00    0.241902448863888147E-08    0.587280058935540361E+00   -0.192089984686401500E+02    0.841643561855409894E+00    0.700100165240705508E+00    0.194673079775545226E+02   -0.225051521934224411E+04   -0.226998252731979846E+04
    0.307440880842551167E+00    0.217290605321767063E-08    0.581563774735370687E+00   -0.194300550154493550E+02    0.853492504398603913E+00    0.692583356775639647E+00    0.194673079775545226E+02   -0.225046504118192433E+04   -0.226993234915947869E+04
    0.304627051431943408E+00    0.136111132479057780E-08    0.703583589188265912E+00   -0.191152899809605827E+02    0.839677676574893006E+00    0.680774278431911628E+00    0.194673079775545226E+02   -0.225043445418506553E+04   -0.226990176216261989E+04
    0.267612351781221669E+00    0.126705955207533187E-08    0.833352943890690367E+00   -0.192945420438947117E+02    0.800490859451535641E+00    0.719495328577439364E+00    0.194673079775545226E+02   -0.225034124073045177E+04   -0.226980854870800613E+04
    0.274744398946844770E+00    0.107781623705886142E-08    0.834661750383984824E+00   -0.190431348172360622E+02    0.821643939704266524E+00    0.678800240965822921E+00    0.194673079775545226E+02   -0.225030682668733016E+04   -0.226977413466488451E+04
    0.301616791433060527E+00    0.894324448219199091E-09    0.812693459306988553E+00   -0.189807415034302096E+02    0.821914536313963939E+00    0.644580401527005242E+00    0.194673079775545226E+02   -0.225022804152283834E+04   -0.226969534950039269E+04
    0.302951218392803645E+00    0.139188917263832592E-08    0.704007203762760936E+00   -0.189873825725860499E+02    0.827111982948185220E+00    0.686047152633319168E+00    0.194673079775545226E+02   -0.225021681458445573E+04   -0.226968412256201009E+04
    0.281903665397914227E+00    0.285512267337329306E-08    0.568143343531245737E+00   -0.190758032609616741E+02    0.837177850920892030E+00    0.720087101429025989E+00    0.194673079775545226E+02   -0.225020077321707004E+04   -0.226966808119462439E+04
    0.290521658679019468E+00    0.170450500047053631E-08    0.678803088238286167E+00   -0.193788746751252958E+02    0.832759499748534249E+00    0.704785139095972291E+00    0.194673079775545226E+02   -0.225018878309248566E+04   -0.226965609107004002E+04
    0.302902836252176066E+00    0.170541123397296472E-08    0.653035571644061674E+00   -0.191202356746743725E+02    0.804113487259919824E+00    0.696014136804383732E+00    0.194673079775545226E+02   -0.225007796706059116E+04   -0.226954527503814552E+04
    0.290489273251161029E+00    0.185653079875142364E-08    0.635596199798584394E+00   -0.192357428092747647E+02    0.820117004517546211E+00    0.680829335878810227E+00    0.194673079775545226E+02   -0.225007404118435943E+04   -0.226954134916191379E+04
    0.304968298392875536E+00    0.229852715242992354E-08    0.564586237474201114E+00   -0.191946284102664109E+02    0.818246856326039551E+00    0.683053825127715730E+00    0.194673079775545226E+02   -0.224999620981312501E+04   -0.226946351779067936E+04
    0.313525157919702924E+00    0.158315699684846587E-08    0.639997929068594873E+00   -0.192185514591737245E+02    0.830186062399611235E+00    0.672312204615643116E+00    0.194673079775545226E+02   -0.224996056780822119E+04   -0.226942787578577554E+04
    0.284765412853382749E+00    0.149093331402476473E-08    0.702841287285404404E+00   -0.189167322738922046E+02    0.803802738272352602E+00    0.675538570117754089E+00    0.194673079775545226E+02   -0.224994662725109492E+04   -0.226941393522864928E+04
    0.284765412853382749E+00    0.149093331402476473E-08    0.702841287285404404E+00   -0.189167322738922046E+02    0.803802738272352602E+00    0.675538570117754089E+00    0.194673079775545226E+02   -0.224994662725109492E+04   -0.226941393522864928E+04
    0.295693461436087213E+00    0.241324874049260248E-08    0.588871825101754731E+00   -0.191131135714921285E+02    0.815535035781429607E+00    0.718610062042209785E+00    0.194673079775545226E+02   -0.224992344850463951E+04   -0.226939075648219386E+04
    0.288789475378477323E+00    0.220026455226713932E-08    0.619881942449539092E+00   -0.189129937866543756E+02    0.830379248950776749E+00    0.716098461487237326E+00    0.194673079775545226E+02   -0.224987338843853604E+04   -0.226934069641609040E+04
    0.304149023911194694E+00    0.994407676597887294E-09    0.778972626840672033E+00   -0.191565882556309468E+02    0.838962215549797219E+00    0.652393007669263447E+00    0.194673079775545226E+02   -0.224981421303082743E+04   -0.226928152100838179E+04
    0.304149023911194694E+00    0.994407676597887294E-09    0.778972626840672033E+00   -0.191565882556309468E+02    0.838962215549797219E+00    0.652393007669263447E+00    0.194673079775545226E+02   -0.224981421303082743E+04   -0.226928152100838179E+04
    0.289945838419502389E+00    0.120037137765252781E-08    0.752526766142135317E+00   -0.191698379355858606E+02    0.819224256878317125E+00    0.664914396497835347E+00    0.194673079775545226E+02   -0.224977649158665690E+04   -0.226924379956421126E+04
    0.309748778481708675E+00    0.137867419043269322E-08    0.685728266537868225E+00   -0.192741957821345942E+02    0.830167471331478501E+00    0.673473853076025808E+00    0.194673079775545226E+02   -0.224976618563591046E+04   -0.226923349361346482E+04
    0.310443709404609414E+00    0.154385133457331341E-08    0.648970670236661329E+00   -0.189911481855702924E+02    0.845039748798478874E+00    0.669821973623309308E+00    0.194673079775545226E+02   -0.224975251195019200E+04   -0.226921981992774636E+04
    0.300353880243384941E+00    0.861342430542531959E-09    0.847963924657321066E+00   -0.190579878331407748E+02    0.831212477308831743E+00    0.660936133902252032E+00    0.194673079775545226E+02   -0.224966434193708801E+04   -0.226913164991464237E+04
    0.300353880243384941E+00    0.861342430542531959E-09    0.847963924657321066E+00   -0.190579878331407748E+02    0.831212477308831743E+00    0.660936133902252032E+00    0.194673079775545226E+02   -0.224966434193708801E+04   -0.226913164991464237E+04
    0.296422037514788017E+00    0.772168889777757921E-09    0.879275146261524476E+00   -0.189687215015945725E+02    0.825603105122650116E+00    0.644979390810010544E+00    0.194673079775545226E+02   -0.224961032191984532E+04   -0.226907762989739967E+04
    0.289944429344413002E+00    0.955911886640983111E-09    0.845166181458620103E+00   -0.190654781209940367E+02    0.828557456004211934E+00    0.675721550717589103E+00    0.194673079775545226E+02   -0.224959323016903409E+04   -0.226906053814658844E+04
    0.264014686727073733E+00    0.269196748490964916E-08    0.620609567109118521E+00   -0.189846481862341463E+02    0.810490162711088424E+00    0.736807361346936029E+00    0.194673079775545226E+02   -0.224959186356225518E+04   -0.226905917153980954E+04
    0.279774734541727632E+00    0.226413768039605450E-08    0.636117288542758286E+00   -0.192791015228744200E+02    0.812645324016097459E+00    0.730246415390242931E+00    0.194673079775545226E+02   -0.224958798744824844E+04   -0.226905529542580280E+04
    0.287373562291698192E+00    0.168822745516690313E-08    0.667283121372243326E+00   -0.190168251459936855E+02    0.819613272045859986E+00    0.681666841417159164E+00    0.194673079775545226E+02   -0.224958391666385296E+04   -0.226905122464140732E+04
    0.263073418920110491E+00    0.218318474250623724E-08    0.665985040575732046E+00   -0.192171210083632644E+02    0.804722119152530002E+00    0.719610660955321113E+00    0.194673079775545226E+02   -0.224957409633212092E+04   -0.226904140430967527E+04
    0.262918808679923011E+00    0.144527175829771058E-08    0.784151059434209485E+00   -0.189374188524044484E+02    0.805216507469062259E+00    0.707266684978694382E+00    0.194673079775545226E+02   -0.224954298588112806E+04   -0.226901029385868242E+04
    0.275715641012559409E+00    0.111945673378983767E-08    0.818087389200206738E+00   -0.192206757999025193E+02    0.814837435285105771E+00    0.678334059015163082E+00    0.194673079775545226E+02   -0.224948108280804763E+04   -0.226894839078560199E+04
    0.296947128343266753E+00    0.194330632256796952E-08    0.615656700770583543E+00   -0.193140051797367001E+02    0.830561586595123469E+00    0.682410437745065823E+00    0.194673079775545226E+02   -0.224940447256605103E+04   -0.226887178054360538E+04
    0.296947128343266753E+00    0.194330632256796952E-08    0.615656700770583543E+00   -0.193140051797367001E+02    0.830561586595123469E+00    0.682410437745065823E+00    0.194673079775545226E+02   -0.224940447256605103E+04   -0.226887178054360538E+04
    0.303934333274043844E+00    0.156844326675888830E-08    0.654596601860809590E+00   -0.189121940306213752E+02    0.823326203305809301E+00    0.671091825613958748E+00    0.194673079775545226E+02   -0.224934913574552638E+04   -0.226881644372308074E+04
    0.288531519143683468E+00    0.251658011923526214E-08    0.577791143775144511E+00   -0.191597140961083845E+02    0.835133738685850946E+00    0.703248844184949706E+00    0.194673079775545226E+02   -0.224932104285277137E+04   -0.226878835083032573E+04
    0.288531519143683468E+00    0.251658011923526214E-08    0.577791143775144511E+00   -0.191597140961083845E+02    0.835133738685850946E+00    0.703248844184949706E+00    0.194673079775545226E+02   -0.224932104285277137E+04   -0.226878835083032573E+04
    0.299449654656065378E+00    0.883480176614473529E-09    0.826302952277087721E+00   -0.192203352871777113E+02    0.815004382803746985E+00    0.649066023967450167E+00    0.194673079775545226E+02   -0.224929840914077568E+04   -0.226876571711833003E+04
    0.299449654656065378E+00    0.883480176614473529E-09    0.826302952277087721E+00   -0.192203352871777113E+02    0.815004382803746985E+00    0.649066023967450167E+00    0.194673079775545226E+02   -0.224929840914077568E+04   -0.226876571711833003E+04
    0.277626165791015622E+00    0.169237824627426247E-08    0.713086050872243637E+00   -0.192516920482823792E+02    0.813846757124103704E+00    0.717178826198565877E+00    0.194673079775545226E+02   -0.224929374372771372E+04   -0.226876105170526807E+04
    0.277626165791015622E+00    0.169237824627426247E-08    0.713086050872243637E+00   -0.192516920482823792E+02    0.813846757124103704E+00    0.717178826198565877E+00    0.194673079775545226E+02   -0.224929374372771372E+04   -0.226876105170526807E+04
    0.275917727227645737E+00    0.258714932301121285E-08    0.609543213977902676E+00   -0.193140965356148016E+02    0.816568716794232929E+00    0.733363281187864868E+00    0.194673079775545226E+02   -0.224925894823510907E+04   -0.226872625621266343E+04
    0.275917727227645737E+00    0.258714932301121285E-08    0.609543213977902676E+00   -0.193140965356148016E+02    0.816568716794232929E+00    0.733363281187864868E+00    0.194673079775545226E+02   -0.224925894823510907E+04   -0.226872625621266343E+04
    0.305428880288251325E+00    0.123271328124642315E-08    0.717634191776183483E+00   -0.194957200063142047E+02    0.830547204078771695E+00    0.664076814106605573E+00    0.194673079775545226E+02   -0.224923748571267288E+04   -0.226870479369022723E+04
    0.268481093167253326E+00    0.148423682974222610E-08    0.757758718751593396E+00   -0.191056045567205466E+02    0.810400075063159697E+00    0.701034372511247894E+00    0.194673079775545226E+02   -0.224921430267741152E+04   -0.226868161065496588E+04
    0.268481093167253326E+00    0.148423682974222610E-08    0.757758718751593396E+00   -0.191056045567205466E+02    0.810400075063159697E+00    0.701034372511247894E+00    0.194673079775545226E+02   -0.224921430267741152E+04   -0.226868161065496588E+04
    0.293663941459194500E+00    0.269877824930220483E-08    0.566985649958467341E+00   -0.190342139288476311E+02    0.817030801139559171E+00    0.722102386481264458E+00    0.194673079775545226E+02   -0.224920460467329895E+04   -0.226867191265085330E+04
    0.283763319403625869E+00    0.145457351957201700E-08    0.714283515635691479E+00   -0.192157459528896482E+02    0.802861007933341364E+00    0.677880217286377706E+00    0.194673079775545226E+02   -0.224917996352081127E+04   -0.226864727149836563E+04
    0.301734622331285673E+00    0.211710897751673220E-08    0.590039127860121138E+00   -0.192265639644926658E+02    0.829456188923945015E+00    0.685516617343573387E+00    0.194673079775545226E+02   -0.224915540486433429E+04   -0.226862271284188864E+04
    0.279445488556979260E+00    0.193920941588181335E-08    0.669688619645679273E+00   -0.191676700773131330E+02    0.819967497791290634E+00    0.717455335714954678E+00    0.194673079775545226E+02   -0.224914912055473224E+04   -0.226861642853228659E+04
    0.279445488556979260E+00    0.193920941588181335E-08    0.669688619645679273E+00   -0.191676700773131330E+02    0.819967497791290634E+00    0.717455335714954678E+00    0.194673079775545226E+02   -0.224914912055473224E+04   -0.226861642853228659E+04
    0.264146784938286361E+00    0.299610681759694830E-08    0.593631191683137827E+00   -0.193607403539947889E+02    0.807312339233250076E+00    0.736901186398679409E+00    0.194673079775545226E+02   -0.224905338350667398E+04   -0.226852069148422834E+04
    0.264146784938286361E+00    0.299610681759694830E-08    0.593631191683137827E+00   -0.193607403539947889E+02    0.807312339233250076E+00    0.736901186398679409E+00    0.194673079775545226E+02   -0.224905338350667398E+04   -0.226852069148422834E+04
    0.302333727245169381E+00    0.165734635757527243E-08    0.654110693547812705E+00   -0.192125962576658154E+02    0.830656199102281056E+00    0.686467336436373698E+00    0.194673079775545226E+02   -0.224904765563073170E+04   -0.226851496360828605E+04
    0.302930478188099928E+00    0.235486561079364489E-08    0.573898636671080986E+00   -0.190281930794618326E+02    0.821266425907055675E+00    0.701469024734983404E+00    0.194673079775545226E+02   -0.224904719830798194E+04   -0.226851450628553630E+04
    0.295899384023533552E+00    0.986779875223897670E-09    0.809848293599031543E+00   -0.192508139420540729E+02    0.833461555174484392E+00    0.664894765761667506E+00    0.194673079775545226E+02   -0.224903751891336697E+04   -0.226850482689092132E+04
    0.295899384023533552E+00    0.986779875223897670E-09    0.809848293599031543E+00   -0.192508139420540729E+02    0.833461555174484392E+00    0.664894765761667506E+00    0.194673079775545226E+02   -0.224903751891336697E+04   -0.226850482689092132E+04
    0.289353930837982887E+00    0.265563944195376848E-08    0.561083591768500423E+00   -0.193680214414096667E+02    0.815074845834778072E+00    0.698723596217076137E+00    0.194673079775545226E+02   -0.224903209656902482E+04   -0.226849940454657917E+04
    0.289353930837982887E+00    0.265563944195376848E-08    0.561083591768500423E+00   -0.193680214414096667E+02    0.815074845834778072E+00    0.698723596217076137E+00    0.194673079775545226E+02   -0.224903209656902482E+04   -0.226849940454657917E+04
    0.276443640388432388E+00    0.104415556913852257E-08    0.857636767147399004E+00   -0.190670409352052630E+02    0.813460663711418897E+00    0.692020069884497713E+00    0.194673079775545226E+02   -0.224901115574561345E+04   -0.226847846372316781E+04
    0.291966364343242968E+00    0.205100719537171878E-08    0.612214660720159509E+00   -0.192482640612895501E+02    0.812538307706207608E+00    0.687146552482941764E+00    0.194673079775545226E+02   -0.224894444132201761E+04   -0.226841174929957197E+04
    0.291966364343242968E+00    0.205100719537171878E-08    0.612214660720159509E+00   -0.192482640612895501E+02    0.812538307706207608E+00    0.687146552482941764E+00    0.194673079775545226E+02   -0.224894444132201761E+04   -0.226841174929957197E+04
    0.299199053754594546E+00    0.141951892909118790E-08    0.690153885334788608E+00   -0.189135275715361040E+02    0.804123390318499220E+00    0.670775375624463432E+00    0.194673079775545226E+02   -0.224893991069037611E+04   -0.226840721866793047E+04
    0.303611800272919452E+00    0.112763211228414496E-08    0.751678233718470756E+00   -0.189510906181143177E+02    0.824266501022557274E+00    0.666528559675903520E+00    0.194673079775545226E+02   -0.224893435226858355E+04   -0.226840166024613791E+04
    0.264693985123990116E+00    0.167841745276531700E-08    0.731253975540038015E+00   -0.190983855249919365E+02    0.800501818680767530E+00    0.707278572392622262E+00    0.194673079775545226E+02   -0.224892525698898271E+04   -0.226839256496653707E+04
    0.264693985123990116E+00    0.167841745276531700E-08    0.731253975540038015E+00   -0.190983855249919365E+02    0.800501818680767530E+00    0.707278572392622262E+00    0.194673079775545226E+02   -0.224892525698898271E+04   -0.226839256496653707E+04
    0.280000550976185592E+00    0.286999413784682546E-08    0.572681635746706386E+00   -0.192277484524288056E+02    0.824419364490954210E+00    0.724927004340317760E+00    0.194673079775545226E+02   -0.224886984020280170E+04   -0.226833714818035605E+04
    0.280000550976185592E+00    0.286999413784682546E-08    0.572681635746706386E+00   -0.192277484524288056E+02    0.824419364490954210E+00    0.724927004340317760E+00    0.194673079775545226E+02   -0.224886984020280170E+04   -0.226833714818035605E+04
    0.281404260494513281E+00    0.149500202571175514E-08    0.731638745818602554E+00   -0.191696187093081321E+02    0.820779717689260391E+00    0.701802581060037789E+00    0.194673079775545226E+02   -0.224878831761757419E+04   -0.226825562559512855E+04
    0.302443133571103417E+00    0.149871472575788639E-08    0.673713504807069707E+00   -0.193882049253937794E+02    0.807303956829284353E+00    0.675839740631629993E+00    0.194673079775545226E+02   -0.224872937543054240E+04   -0.226819668340809676E+04
    0.302443133571103417E+00    0.149871472575788639E-08    0.673713504807069707E+00   -0.193882049253937794E+02    0.807303956829284353E+00    0.675839740631629993E+00    0.194673079775545226E+02   -0.224872937543054240E+04   -0.226819668340809676E+04
    0.283788601321997014E+00    0.108492962419911420E-08    0.803296094112332271E+00   -0.192642524177791934E+02    0.809406473334951970E+00    0.669214137013425581E+00    0.194673079775545226E+02   -0.224872886761516884E+04   -0.226819617559272319E+04
    0.300101989136151048E+00    0.101611925825620568E-08    0.797481762830753116E+00   -0.189460258170822513E+02    0.804005624113047102E+00    0.670288816570490331E+00    0.194673079775545226E+02   -0.224872838177766016E+04   -0.226819568975521452E+04
    0.300101989136151048E+00    0.101611925825620568E-08    0.797481762830753116E+00   -0.189460258170822513E+02    0.804005624113047102E+00    0.670288816570490331E+00    0.194673079775545226E+02   -0.224872838177766016E+04   -0.226819568975521452E+04
    0.287209228043207365E+00    0.966410665006821904E-09    0.856073383074179128E+00   -0.190543354605408055E+02    0.807695317475766283E+00    0.684243762426491320E+00    0.194673079775545226E+02   -0.224872515602906833E+04   -0.226819246400662269E+04
    0.287209228043207365E+00    0.966410665006821904E-09    0.856073383074179128E+00   -0.190543354605408055E+02    0.807695317475766283E+00    0.684243762426491320E+00    0.194673079775545226E+02   -0.224872515602906833E+04   -0.226819246400662269E+04
    0.292828166302334658E+00    0.836420006409059795E-09    0.863364235599834107E+00   -0.193731250497370944E+02    0.809048542347708399E+00    0.651989882268449117E+00    0.194673079775545226E+02   -0.224870340422022446E+04   -0.226817071219777881E+04
    0.279404706894343158E+00    0.173399379189492877E-08    0.694272765784927470E+00   -0.191025429371693392E+02    0.820966575860426873E+00    0.707461425512933673E+00    0.194673079775545226E+02   -0.224869539699430197E+04   -0.226816270497185633E+04
    0.296941744971983779E+00    0.231260600961687160E-08    0.592494992581902080E+00   -0.193511499933599360E+02    0.810347043982037829E+00    0.711037029449144486E+00    0.194673079775545226E+02   -0.224868826618346839E+04   -0.226815557416102274E+04
    0.276792133348581881E+00    0.153079336511927184E-08    0.730015454474364445E+00   -0.193075865102180515E+02    0.818595251359686027E+00    0.699084035986758390E+00    0.194673079775545226E+02   -0.224867825599005528E+04   -0.226814556396760963E+04
    0.282241821881285881E+00    0.881518809903407788E-09    0.888992300888131970E+00   -0.192587279069336006E+02    0.817664197570662887E+00    0.672353187833579224E+00    0.194673079775545226E+02   -0.224866453111039255E+04   -0.226813183908794690E+04
    0.290645477692782150E+00    0.133402360306679923E-08    0.724210360614306548E+00   -0.194581435514849623E+02    0.809483735675855964E+00    0.672034208581245629E+00    0.194673079775545226E+02   -0.224860089387936523E+04   -0.226806820185691959E+04
    0.290645477692782150E+00    0.133402360306679923E-08    0.724210360614306548E+00   -0.194581435514849623E+02    0.809483735675855964E+00    0.672034208581245629E+00    0.194673079775545226E+02   -0.224860089387936523E+04   -0.226806820185691959E+04
    0.290089096018246562E+00    0.128604677064843971E-08    0.738217316509164112E+00   -0.192802869706495592E+02    0.820379712916027293E+00    0.673613614779851932E+00    0.194673079775545226E+02   -0.224859605974189753E+04   -0.226806336771945189E+04
    0.290089096018246562E+00    0.128604677064843971E-08    0.738217316509164112E+00   -0.192802869706495592E+02    0.820379712916027293E+00    0.673613614779851932E+00    0.194673079775545226E+02   -0.224859605974189753E+04   -0.226806336771945189E+04
    0.280488001100959228E+00    0.929599659617708875E-09    0.867254980454804536E+00   -0.191464954520700417E+02    0.810331060327652120E+00    0.668568828385468605E+00    0.194673079775545226E+02   -0.224859027353336978E+04   -0.226805758151092414E+04
    0.286333318058830222E+00    0.238325822960969284E-08    0.602227992716012905E+00   -0.192332497974043193E+02    0.826389719961442948E+00    0.715012975779274362E+00    0.194673079775545226E+02   -0.224858913003328826E+04   -0.226805643801084261E+04
    0.286333318058830222E+00    0.238325822960969284E-08    0.602227992716012905E+00   -0.192332497974043193E+02    0.826389719961442948E+00    0.715012975779274362E+00    0.194673079775545226E+02   -0.224858913003328826E+04   -0.226805643801084261E+04
    0.299538976494299281E+00    0.214119618317356440E-08    0.592903846765399645E+00   -0.192782730992660909E+02    0.818664554317763193E+00    0.689461153717706554E+00    0.194673079775545226E+02   -0.224858201366586900E+04   -0.226804932164342335E+04
    0.294110321101821948E+00    0.871759315294844647E-09    0.855568810720008344E+00   -0.191160887040513821E+02    0.823785022296791181E+00    0.661128989443905413E+00    0.194673079775545226E+02   -0.224857730574750576E+04   -0.226804461372506012E+04
    0.294110321101821948E+00    0.871759315294844647E-09    0.855568810720008344E+00   -0.191160887040513821E+02    0.823785022296791181E+00    0.661128989443905413E+00    0.194673079775545226E+02   -0.224857730574750576E+04   -0.226804461372506012E+04
    0.263243218283487956E+00    0.236817953301596106E-08    0.654010461673315224E+00   -0.192817115013429863E+02    0.803095804163961202E+00    0.733957010518487940E+00    0.194673079775545226E+02   -0.224855408171974750E+04   -0.226802138969730186E+04
    0.290140945370616965E+00    0.196278725774292582E-08    0.636865126015968674E+00   -0.193143973908822311E+02    0.830319881102716373E+00    0.701030728612625054E+00    0.194673079775545226E+02   -0.224851879143005090E+04   -0.226798609940760525E+04
    0.278704477451341415E+00    0.272319093246225756E-08    0.586875315236832229E+00   -0.192873773163081417E+02    0.820444805055573378E+00    0.724681670779125597E+00    0.194673079775545226E+02   -0.224851815655480505E+04   -0.226798546453235940E+04
    0.278704477451341415E+00    0.272319093246225756E-08    0.586875315236832229E+00   -0.192873773163081417E+02    0.820444805055573378E+00    0.724681670779125597E+00    0.194673079775545226E+02   -0.224851815655480505E+04   -0.226798546453235940E+04
    0.295260397217577464E+00    0.188419361830997145E-08    0.643446601903594373E+00   -0.190767993036262169E+02    0.808733014561916264E+00    0.704889798096550835E+00    0.194673079775545226E+02   -0.224850797385148371E+04   -0.226797528182903807E+04
    0.276892899489434907E+00    0.217766648590677022E-08    0.634840937333108979E+00   -0.190147353095850384E+02    0.815678104631030743E+00    0.708454181832954388E+00    0.194673079775545226E+02   -0.224846424132025959E+04   -0.226793154929781394E+04
    0.276892899489434907E+00    0.217766648590677022E-08    0.634840937333108979E+00   -0.190147353095850384E+02    0.815678104631030743E+00    0.708454181832954388E+00    0.194673079775545226E+02   -0.224846424132025959E+04   -0.226793154929781394E+04
    0.291110150113203514E+00    0.264203423936828143E-08    0.561576510674303475E+00   -0.189828202324391135E+02    0.818683501476295872E+00    0.701101690284427814E+00    0.194673079775545226E+02   -0.224842983286968001E+04   -0.226789714084723437E+04
    0.291110150113203514E+00    0.264203423936828143E-08    0.561576510674303475E+00   -0.189828202324391135E+02    0.818683501476295872E+00    0.701101690284427814E+00    0.194673079775545226E+02   -0.224842983286968001E+04   -0.226789714084723437E+04
    0.269813900196694711E+00    0.258615609638893775E-08    0.614181822828254620E+00   -0.192539253974642435E+02    0.810494732479730251E+00    0.726332511854932972E+00    0.194673079775545226E+02   -0.224840756064673815E+04   -0.226787486862429250E+04
    0.269813900196694711E+00    0.258615609638893775E-08    0.614181822828254620E+00   -0.192539253974642435E+02    0.810494732479730251E+00    0.726332511854932972E+00    0.194673079775545226E+02   -0.224840756064673815E+04   -0.226787486862429250E+04
    0.285501960827439005E+00    0.267447449882363539E-08    0.576057294196972824E+00   -0.189913305173930560E+02    0.826182620826418024E+00    0.716146165756540665E+00    0.194673079775545226E+02   -0.224840658457443942E+04   -0.226787389255199378E+04
    0.285501960827439005E+00    0.267447449882363539E-08    0.576057294196972824E+00   -0.189913305173930560E+02    0.826182620826418024E+00    0.716146165756540665E+00    0.194673079775545226E+02   -0.224840658457443942E+04   -0.226787389255199378E+04
    0.297955641700304086E+00    0.248387098038441962E-08    0.572898114243322376E+00   -0.189236680307256186E+02    0.810258641758242582E+00    0.709551547794535331E+00    0.194673079775545226E+02   -0.224840654860480799E+04   -0.226787385658236235E+04
    0.297955641700304086E+00    0.248387098038441962E-08    0.572898114243322376E+00   -0.189236680307256186E+02    0.810258641758242582E+00    0.709551547794535331E+00    0.194673079775545226E+02   -0.224840654860480799E+04   -0.226787385658236235E+04
    0.288025415314697275E+00    0.190456280172448127E-08    0.638503496808524029E+00   -0.193610291517317989E+02    0.804407799786001410E+00    0.688644106158671110E+00    0.194673079775545226E+02   -0.224837310404354275E+04   -0.226784041202109711E+04
    0.288025415314697275E+00    0.190456280172448127E-08    0.638503496808524029E+00   -0.193610291517317989E+02    0.804407799786001410E+00    0.688644106158671110E+00    0.194673079775545226E+02   -0.224837310404354275E+04   -0.226784041202109711E+04
    0.268600870913465739E+00    0.284627961500463951E-08    0.603211721675274815E+00   -0.194612295825132300E+02    0.804898457813397861E+00    0.742768956105741673E+00    0.194673079775545226E+02   -0.224836392262322488E+04   -0.226783123060077924E+04
    0.268600870913465739E+00    0.284627961500463951E-08    0.603211721675274815E+00   -0.194612295825132300E+02    0.804898457813397861E+00    0.742768956105741673E+00    0.194673079775545226E+02   -0.224836392262322488E+04   -0.226783123060077924E+04
    0.271246118481684340E+00    0.122355472946888155E-08    0.812124723888641542E+00   -0.193831693750111675E+02    0.807938898041504094E+00    0.694311277885087841E+00    0.194673079775545226E+02   -0.224836184546888353E+04   -0.226782915344643789E+04
    0.297430807216537585E+00    0.908445401380620052E-09    0.836973475788448606E+00   -0.190535200213634930E+02    0.812398784099050419E+00    0.664251753951050739E+00    0.194673079775545226E+02   -0.224833654684377825E+04   -0.226780385482133261E+04
    0.276325163272603369E+00    0.203576111135892022E-08    0.665611363805070133E+00   -0.193453664336329361E+02    0.810442044242913218E+00    0.723230747894345938E+00    0.194673079775545226E+02   -0.224830803540007901E+04   -0.226777534337763336E+04
    0.292131714097030648E+00    0.970176029763137814E-09    0.827981994572447144E+00   -0.192712440408980399E+02    0.821750939078125020E+00    0.669212219475369352E+00    0.194673079775545226E+02   -0.224829957860801414E+04   -0.226776688658556850E+04
    0.285591239989727352E+00    0.221033823835209415E-08    0.610707587594358614E+00   -0.193365921384288839E+02    0.815429472006788059E+00    0.698778327765522955E+00    0.194673079775545226E+02   -0.224828127856900619E+04   -0.226774858654656055E+04
    0.285591239989727352E+00    0.221033823835209415E-08    0.610707587594358614E+00   -0.193365921384288839E+02    0.815429472006788059E+00    0.698778327765522955E+00    0.194673079775545226E+02   -0.224828127856900619E+04   -0.226774858654656055E+04
    0.288237778709902637E+00    0.890445123280174727E-09    0.857404862752035202E+00   -0.194354556575811053E+02    0.807465870633886085E+00    0.659725771286085227E+00    0.194673079775545226E+02   -0.224827631633133342E+04   -0.226774362430888777E+04
    0.288237778709902637E+00    0.890445123280174727E-09    0.857404862752035202E+00   -0.194354556575811053E+02    0.807465870633886085E+00    0.659725771286085227E+00    0.194673079775545226E+02   -0.224827631633133342E+04   -0.226774362430888777E+04
    0.291083183109592192E+00    0.135729501090296251E-08    0.726948443426747692E+00   -0.193356622956232407E+02    0.826027563569477374E+00    0.681593651119395294E+00    0.194673079775545226E+02   -0.224826225377315359E+04   -0.226772956175070794E+04
    0.282172783412538819E+00    0.204535898622915232E-08    0.635114471111510981E+00   -0.194939136991538184E+02    0.808409747175144688E+00    0.697579491685733410E+00    0.194673079775545226E+02   -0.224822253983704331E+04   -0.226768984781459767E+04
    0.282172783412538819E+00    0.204535898622915232E-08    0.635114471111510981E+00   -0.194939136991538184E+02    0.808409747175144688E+00    0.697579491685733410E+00    0.194673079775545226E+02   -0.224822253983704331E+04   -0.226768984781459767E+04
    0.268668938899944143E+00    0.268514708966565322E-08    0.610650157365887014E+00   -0.192459471412754866E+02    0.807871154379931511E+00    0.732362914818003308E+00    0.194673079775545226E+02   -0.224820754320678179E+04   -0.226767485118433615E+04
    0.289215028458291445E+00    0.209397046027800045E-08    0.619789219083004550E+00   -0.194635476609180280E+02    0.825710844261462351E+00    0.699283818754579012E+00    0.194673079775545226E+02   -0.224820537582357656E+04   -0.226767268380113092E+04
    0.295673717788380752E+00    0.169775449910507996E-08    0.654483070229818109E+00   -0.194727492931630977E+02    0.819217424901284685E+00    0.683368584367225806E+00    0.194673079775545226E+02   -0.224818686605065568E+04   -0.226765417402821004E+04
    0.295673717788380752E+00    0.169775449910507996E-08    0.654483070229818109E+00   -0.194727492931630977E+02    0.819217424901284685E+00    0.683368584367225806E+00    0.194673079775545226E+02   -0.224818686605065568E+04   -0.226765417402821004E+04
    0.289836372224915428E+00    0.205447029107224826E-08    0.618048435996571888E+00   -0.190383960083187205E+02    0.803735633331579158E+00    0.691518879798839858E+00    0.194673079775545226E+02   -0.224816346775281136E+04   -0.226763077573036571E+04
    0.289836372224915428E+00    0.205447029107224826E-08    0.618048435996571888E+00   -0.190383960083187205E+02    0.803735633331579158E+00    0.691518879798839858E+00    0.194673079775545226E+02   -0.224816346775281136E+04   -0.226763077573036571E+04
    0.281155060437563609E+00    0.104319527946296016E-08    0.836837958832711060E+00   -0.189115353566267785E+02    0.813895512832759294E+00    0.681914144754158014E+00    0.194673079775545226E+02   -0.224815770555552217E+04   -0.226762501353307653E+04
    0.281155060437563609E+00    0.104319527946296016E-08    0.836837958832711060E+00   -0.189115353566267785E+02    0.813895512832759294E+00    0.681914144754158014E+00    0.194673079775545226E+02   -0.224815770555552217E+04   -0.226762501353307653E+04
    0.286744693182333088E+00    0.102062725513487996E-08    0.829393513609392286E+00   -0.191238958809522046E+02    0.817510206882921309E+00    0.678024637305636446E+00    0.194673079775545226E+02   -0.224814768001911898E+04   -0.226761498799667334E+04
    0.276362511200867134E+00    0.143662915938541412E-08    0.752453567336156204E+00   -0.190311935466999884E+02    0.813472063362504771E+00    0.700312149228354497E+00    0.194673079775545226E+02   -0.224813531715365161E+04   -0.226760262513120597E+04
    0.276362511200867134E+00    0.143662915938541412E-08    0.752453567336156204E+00   -0.190311935466999884E+02    0.813472063362504771E+00    0.700312149228354497E+00    0.194673079775545226E+02   -0.224813531715365161E+04   -0.226760262513120597E+04
    0.292670002695948006E+00    0.910583750498890752E-09    0.850498673238694325E+00   -0.192364920479601196E+02    0.814564976857481415E+00    0.668842080797922178E+00    0.194673079775545226E+02   -0.224810471014489713E+04   -0.226757201812245148E+04
    0.292670002695948006E+00    0.910583750498890752E-09    0.850498673238694325E+00   -0.192364920479601196E+02    0.814564976857481415E+00    0.668842080797922178E+00    0.194673079775545226E+02   -0.224810471014489713E+04   -0.226757201812245148E+04
    0.287447488192835943E+00    0.165024842357907626E-08    0.681917980632493870E+00   -0.190980842971806482E+02    0.822459293741543140E+00    0.691367703801594069E+00    0.194673079775545226E+02   -0.224807652279390504E+04   -0.226754383077145940E+04
    0.287447488192835943E+00    0.165024842357907626E-08    0.681917980632493870E+00   -0.190980842971806482E+02    0.822459293741543140E+00    0.691367703801594069E+00    0.194673079775545226E+02   -0.224807652279390504E+04   -0.226754383077145940E+04
    0.290152836444933837E+00    0.103122948175346214E-08    0.808521186475983145E+00   -0.191972435421922398E+02    0.816855674569857970E+00    0.668478716930575367E+00    0.194673079775545226E+02   -0.224805592191960795E+04   -0.226752322989716231E+04
    0.290152836444933837E+00    0.103122948175346214E-08    0.808521186475983145E+00   -0.191972435421922398E+02    0.816855674569857970E+00    0.668478716930575367E+00    0.194673079775545226E+02   -0.224805592191960795E+04   -0.226752322989716231E+04
    0.277017109699889685E+00    0.239988312641344606E-08    0.621597490659095198E+00   -0.190924712371800638E+02    0.812984957865048985E+00    0.725498874699928908E+00    0.194673079775545226E+02   -0.224803287289654099E+04   -0.226750018087409535E+04
    0.277017109699889685E+00    0.239988312641344606E-08    0.621597490659095198E+00   -0.190924712371800638E+02    0.812984957865048985E+00    0.725498874699928908E+00    0.194673079775545226E+02   -0.224803287289654099E+04   -0.226750018087409535E+04
    0.274128859568393168E+00    0.164632205376259520E-08    0.709973683240251452E+00   -0.192273270818699444E+02    0.800488823898581781E+00    0.696637456491078111E+00    0.194673079775545226E+02   -0.224798985217944892E+04   -0.226745716015700327E+04
    0.294365620606176659E+00    0.124455403126946041E-08    0.753504619939660891E+00   -0.190689544352251730E+02    0.802377583466719058E+00    0.685953044362776931E+00    0.194673079775545226E+02   -0.224797822368393781E+04   -0.226744553166149217E+04
    0.294365620606176659E+00    0.124455403126946041E-08    0.753504619939660891E+00   -0.190689544352251730E+02    0.802377583466719058E+00    0.685953044362776931E+00    0.194673079775545226E+02   -0.224797822368393781E+04   -0.226744553166149217E+04
    0.278741535937952201E+00    0.140447257269938490E-08    0.754114835903737069E+00   -0.189126662325384949E+02    0.813879092779853375E+00    0.699049035678869890E+00    0.194673079775545226E+02   -0.224797750336591116E+04   -0.226744481134346552E+04
    0.293020548500716571E+00    0.243940300196439451E-08    0.587804064774491430E+00   -0.193841696663075318E+02    0.805917941854911168E+00    0.715705472604797777E+00    0.194673079775545226E+02   -0.224797427885003572E+04   -0.226744158682759007E+04
    0.277968050922608012E+00    0.252440389313380172E-08    0.605563572456461419E+00   -0.191440918335464971E+02    0.814921693049778906E+00    0.723117014231046573E+00    0.194673079775545226E+02   -0.224793753672335379E+04   -0.226740484470090814E+04
    0.270315859877191755E+00    0.219113054325401643E-08    0.653544825938327856E+00   -0.190848007021492663E+02    0.806969424867393537E+00    0.721173014187697858E+00    0.194673079775545226E+02   -0.224787985584720764E+04   -0.226734716382476199E+04
    0.266771997910246861E+00    0.235386712025989379E-08    0.645057168851156382E+00   -0.192357179228185515E+02    0.803122077891161079E+00    0.727931676820517404E+00    0.194673079775545226E+02   -0.224786940543714582E+04   -0.226733671341470017E+04
    0.266771997910246861E+00    0.235386712025989379E-08    0.645057168851156382E+00   -0.192357179228185515E+02    0.803122077891161079E+00    0.727931676820517404E+00    0.194673079775545226E+02   -0.224786940543714582E+04   -0.226733671341470017E+04
    0.296515168312335653E+00    0.228800545376488571E-08    0.591719225128747972E+00   -0.194964570349479906E+02    0.807174850654381881E+00    0.705330839667854148E+00    0.194673079775545226E+02   -0.224786535457688251E+04   -0.226733266255443687E+04
    0.273094730052522272E+00    0.156357161747571856E-08    0.728648835190981892E+00   -0.189867289568461040E+02    0.801758395347978881E+00    0.697418196084437558E+00    0.194673079775545226E+02   -0.224782925799217310E+04   -0.226729656596972745E+04
    0.272277671751559258E+00    0.259264036461613994E-08    0.606258631477403553E+00   -0.189483943932462005E+02    0.806452830150879318E+00    0.721393292296892419E+00    0.194673079775545226E+02   -0.224781471956124324E+04   -0.226728202753879759E+04
    0.272277671751559258E+00    0.259264036461613994E-08    0.606258631477403553E+00   -0.189483943932462005E+02    0.806452830150879318E+00    0.721393292296892419E+00    0.194673079775545226E+02   -0.224781471956124324E+04   -0.226728202753879759E+04
    0.287316775515703005E+00    0.159548013211278629E-08    0.701970242548111800E+00   -0.191345140681603247E+02    0.811434349431036317E+00    0.702743586738227788E+00    0.194673079775545226E+02   -0.224781319131768350E+04   -0.226728049929523786E+04
    0.284231868610562932E+00    0.228585069378277748E-08    0.606403170136483705E+00   -0.191590150866400073E+02    0.807328158025724885E+00    0.701895769415175730E+00    0.194673079775545226E+02   -0.224778614125402009E+04   -0.226725344923157445E+04
    0.294817532282622086E+00    0.152968623526171808E-08    0.692819241442154898E+00   -0.191528278328261372E+02    0.808989510755154573E+00    0.691522663667490156E+00    0.194673079775545226E+02   -0.224776554218019783E+04   -0.226723285015775218E+04
    0.294817532282622086E+00    0.152968623526171808E-08    0.692819241442154898E+00   -0.191528278328261372E+02    0.808989510755154573E+00    0.691522663667490156E+00    0.194673079775545226E+02   -0.224776554218019783E+04   -0.226723285015775218E+04
    0.291320296421172242E+00    0.271254837655126847E-08    0.567688718611526810E+00   -0.192625872754137077E+02    0.806436705156410638E+00    0.720214154191681333E+00    0.194673079775545226E+02   -0.224774883067557357E+04   -0.226721613865312793E+04
    0.284424683753932261E+00    0.152717163108402416E-08    0.710587798033168960E+00   -0.191804786674271277E+02    0.816530825022854456E+00    0.691729260062314610E+00    0.194673079775545226E+02   -0.224774860255541762E+04   -0.226721591053297198E+04
    0.284424683753932261E+00    0.152717163108402416E-08    0.710587798033168960E+00   -0.191804786674271277E+02    0.816530825022854456E+00    0.691729260062314610E+00    0.194673079775545226E+02   -0.224774860255541762E+04   -0.226721591053297198E+04
    0.284054715128551516E+00    0.189729715763896206E-08    0.656083725408478480E+00   -0.194649347471214895E+02    0.818092643467630998E+00    0.701911057624983736E+00    0.194673079775545226E+02   -0.224774638648067912E+04   -0.226721369445823348E+04
    0.271229793469171976E+00    0.170202430030555929E-08    0.724975187539335875E+00   -0.194911114264550314E+02    0.802579530444764822E+00    0.719409256589280122E+00    0.194673079775545226E+02   -0.224773917349160320E+04   -0.226720648146915755E+04
    0.271229793469171976E+00    0.170202430030555929E-08    0.724975187539335875E+00   -0.194911114264550314E+02    0.802579530444764822E+00    0.719409256589280122E+00    0.194673079775545226E+02   -0.224773917349160320E+04   -0.226720648146915755E+04
    0.281483014907304430E+00    0.108177605270362178E-08    0.819827731894590128E+00   -0.190543876975415145E+02    0.809544088835475129E+00    0.679314119202280575E+00    0.194673079775545226E+02   -0.224773420834965464E+04   -0.226720151632720899E+04
    0.281483014907304430E+00    0.108177605270362178E-08    0.819827731894590128E+00   -0.190543876975415145E+02    0.809544088835475129E+00    0.679314119202280575E+00    0.194673079775545226E+02   -0.224773420834965464E+04   -0.226720151632720899E+04
    0.295447791780687752E+00    0.128598631193892493E-08    0.731218296496332631E+00   -0.192333091812179546E+02    0.806692982900462763E+00    0.675760350239173135E+00    0.194673079775545226E+02   -0.224772945848669542E+04   -0.226719676646424978E+04
    0.270861566933150777E+00    0.254340035202404668E-08    0.623414124093892075E+00   -0.191757627749484385E+02    0.803388493763798506E+00    0.735710552342976998E+00    0.194673079775545226E+02   -0.224772803048152355E+04   -0.226719533845907790E+04
    0.270861566933150777E+00    0.254340035202404668E-08    0.623414124093892075E+00   -0.191757627749484385E+02    0.803388493763798506E+00    0.735710552342976998E+00    0.194673079775545226E+02   -0.224772803048152355E+04   -0.226719533845907790E+04
    0.294722143578433238E+00    0.225681276548032641E-08    0.596107386666569816E+00   -0.193969612531147355E+02    0.816757855329108273E+00    0.703361787060299393E+00    0.194673079775545226E+02   -0.224771989161723241E+04   -0.226718719959478676E+04
    0.294722143578433238E+00    0.225681276548032641E-08    0.596107386666569816E+00   -0.193969612531147355E+02    0.816757855329108273E+00    0.703361787060299393E+00    0.194673079775545226E+02   -0.224771989161723241E+04   -0.226718719959478676E+04
    0.283377377698609600E+00    0.256202717147700222E-08    0.596418339310888279E+00   -0.193488507619826571E+02    0.807941920680195325E+00    0.726600469493840717E+00    0.194673079775545226E+02   -0.224771403916697682E+04   -0.226718134714453117E+04
    0.292495568252484350E+00    0.176499399596173088E-08    0.659232863132374503E+00   -0.189302029792327531E+02    0.817088444554401772E+00    0.696791206580244848E+00    0.194673079775545226E+02   -0.224762905130838180E+04   -0.226709635928593616E+04
    0.271775926357461339E+00    0.174118050432961566E-08    0.707142164411331819E+00   -0.190979675306676491E+02    0.804710077085917574E+00    0.708146808367320912E+00    0.194673079775545226E+02   -0.224761989925713851E+04   -0.226708720723469287E+04
    0.287963685415261961E+00    0.254778496288871222E-08    0.585140713036244597E+00   -0.190675939291348442E+02    0.814680915874085532E+00    0.717346284942418588E+00    0.194673079775545226E+02   -0.224758064015637183E+04   -0.226704794813392618E+04
    0.281674666600473134E+00    0.201135930165673787E-08    0.642824166106284012E+00   -0.191349200630996172E+02    0.807732079763698430E+00    0.700729464819146219E+00    0.194673079775545226E+02   -0.224757726798244448E+04   -0.226704457595999884E+04
    0.293517893858507017E+00    0.112249309412470493E-08    0.778619288451576352E+00   -0.191898155638083630E+02    0.808015885916579912E+00    0.674519455885791985E+00    0.194673079775545226E+02   -0.224754607351872392E+04   -0.226701338149627827E+04
    0.290292549694180169E+00    0.103836752904707755E-08    0.818003663763835487E+00   -0.192972685760259033E+02    0.800248888024751803E+00    0.679781577087713140E+00    0.194673079775545226E+02   -0.224753563401788188E+04   -0.226700294199543623E+04
    0.293953638381523497E+00    0.148344802499325400E-08    0.698728178541563549E+00   -0.190982865552099668E+02    0.811374805092765605E+00    0.686124096358537994E+00    0.194673079775545226E+02   -0.224750885487755795E+04   -0.226697616285511231E+04
    0.292778844899229118E+00    0.231622120793049575E-08    0.590476169672398465E+00   -0.190876235073003713E+02    0.810081812399591206E+00    0.700778506219524644E+00    0.194673079775545226E+02   -0.224750684410153235E+04   -0.226697415207908671E+04
    0.284406187121247378E+00    0.217093473002846519E-08    0.629987242955048821E+00   -0.189711202892240820E+02    0.810300278740896718E+00    0.716311480165177428E+00    0.194673079775545226E+02   -0.224750527872526482E+04   -0.226697258670281917E+04
    0.282452364472471240E+00    0.280766937077867016E-08    0.574432717707249796E+00   -0.191691011730698975E+02    0.812642155417850343E+00    0.724858266418130781E+00    0.194673079775545226E+02   -0.224750079378694909E+04   -0.226696810176450344E+04
    0.282452364472471240E+00    0.280766937077867016E-08    0.574432717707249796E+00   -0.191691011730698975E+02    0.812642155417850343E+00    0.724858266418130781E+00    0.194673079775545226E+02   -0.224750079378694909E+04   -0.226696810176450344E+04
    0.292393209295468970E+00    0.130819994361669320E-08    0.732693402998966348E+00   -0.191875831924232934E+02    0.806190626657720899E+00    0.677713246492802401E+00    0.194673079775545226E+02   -0.224749434419930049E+04   -0.226696165217685484E+04
    0.294037238039127957E+00    0.139940262922949685E-08    0.718037319123806084E+00   -0.191150397830129322E+02    0.802189534238870072E+00    0.687736828575273629E+00    0.194673079775545226E+02   -0.224749182394711033E+04   -0.226695913192466469E+04
    0.277732616831749046E+00    0.143437448211653142E-08    0.743309707392503682E+00   -0.191773485495565090E+02    0.805322456921685803E+00    0.692744441776389053E+00    0.194673079775545226E+02   -0.224749013343146680E+04   -0.226695744140902116E+04
    0.288262990347371906E+00    0.121612122312396524E-08    0.762885830035100243E+00   -0.189605319057340793E+02    0.807209024858254853E+00    0.676664815218449678E+00    0.194673079775545226E+02   -0.224748775602668729E+04   -0.226695506400424165E+04
    0.292680049753060223E+00    0.220582718714792686E-08    0.603413049100073762E+00   -0.192953881101344464E+02    0.814663012840724954E+00    0.701722144794600045E+00    0.194673079775545226E+02   -0.224747753069548844E+04   -0.226694483867304280E+04
    0.282857346345466221E+00    0.129133769307188664E-08    0.768354525035905067E+00   -0.191017885805396936E+02    0.810543597787263703E+00    0.692667077804205666E+00    0.194673079775545226E+02   -0.224746740554975941E+04   -0.226693471352731376E+04
    0.281974991855510004E+00    0.292782447658004536E-08    0.559024230994093485E+00   -0.190775358128475681E+02    0.804076676888782704E+00    0.715107301513525084E+00    0.194673079775545226E+02   -0.224746163602647948E+04   -0.226692894400403384E+04
    0.272498122732025172E+00    0.243935243552548432E-08    0.624658926458458108E+00   -0.189923086716868568E+02    0.806258736276521004E+00    0.725855118120466658E+00    0.194673079775545226E+02   -0.224746150470472503E+04   -0.226692881268227939E+04
    0.283762494226256878E+00    0.295968559816102942E-08    0.555363264404007184E+00   -0.190206733949621096E+02    0.810710829744173855E+00    0.716965491699885549E+00    0.194673079775545226E+02   -0.224745861972801276E+04   -0.226692592770556712E+04
    0.278949014828762998E+00    0.121499544753472161E-08    0.801417180805741536E+00   -0.194289011122286084E+02    0.803925553530608350E+00    0.696911541064352491E+00    0.194673079775545226E+02   -0.224743464859863843E+04   -0.226690195657619279E+04
    0.294799080969080862E+00    0.172078859256876548E-08    0.659484173071659185E+00   -0.191867838544078850E+02    0.806663470910847669E+00    0.692340163937560260E+00    0.194673079775545226E+02   -0.224743077063527335E+04   -0.226689807861282770E+04
    0.288520687608145199E+00    0.223773574747926723E-08    0.612268966939585213E+00   -0.190211341576104012E+02    0.813605108750517281E+00    0.711056480847758299E+00    0.194673079775545226E+02   -0.224742463604331215E+04   -0.226689194402086650E+04
    0.293279608530575775E+00    0.190140517797428182E-08    0.637965282879795259E+00   -0.193462012432460568E+02    0.811958721975212128E+00    0.697293204996256799E+00    0.194673079775545226E+02   -0.224741761983117294E+04   -0.226688492780872730E+04
    0.285141873936691048E+00    0.224863647618423304E-08    0.618109157203086901E+00   -0.192206087690286651E+02    0.812984680510107749E+00    0.714137708953342609E+00    0.194673079775545226E+02   -0.224741635622883541E+04   -0.226688366420638977E+04
    0.287365089452733313E+00    0.160339778261254626E-08    0.688606114991786922E+00   -0.192693414695290066E+02    0.809897329594329252E+00    0.689084198158264494E+00    0.194673079775545226E+02   -0.224741179803299428E+04   -0.226687910601054864E+04
    0.278960516500330491E+00    0.100617141492724103E-08    0.853158544610484015E+00   -0.192729593214360158E+02    0.803447544082952159E+00    0.680151947114054245E+00    0.194673079775545226E+02   -0.224740165625615691E+04   -0.226686896423371127E+04
    0.289108646141368941E+00    0.276688640427122013E-08    0.561297859501519780E+00   -0.193726450188118200E+02    0.813113908202845903E+00    0.713048962450275936E+00    0.194673079775545226E+02   -0.224739413569862927E+04   -0.226686144367618363E+04
    0.292125765504511747E+00    0.225441091847734933E-08    0.603808137388568866E+00   -0.191678094723761738E+02    0.807532667635133872E+00    0.708894729251567379E+00    0.194673079775545226E+02   -0.224738060573276698E+04   -0.226684791371032134E+04
    0.270083618191498009E+00    0.221987874750472449E-08    0.653572741624078413E+00   -0.193968256276143940E+02    0.803189585642216097E+00    0.725409218325641647E+00    0.194673079775545226E+02   -0.224737169153457990E+04   -0.226683899951213425E+04
    0.287002156717668488E+00    0.146249903720150295E-08    0.713490109838701869E+00   -0.190366753028069411E+02    0.806490892906338130E+00    0.684945108900403166E+00    0.194673079775545226E+02   -0.224736676046830735E+04   -0.226683406844586170E+04
    0.281700787142663334E+00    0.132245217178794186E-08    0.768238942594006269E+00   -0.192707110359462632E+02    0.804094115800020215E+00    0.698593980250857283E+00    0.194673079775545226E+02   -0.224736258699814562E+04   -0.226682989497569997E+04
    0.285298886658617579E+00    0.243882907423715218E-08    0.593113271533789566E+00   -0.189152460149471153E+02    0.810570755086396977E+00    0.708053736917801269E+00    0.194673079775545226E+02   -0.224736135999095268E+04   -0.226682866796850703E+04
    0.292590277197929960E+00    0.272564974602465137E-08    0.558845576233124031E+00   -0.191587939706188273E+02    0.804241245595623377E+00    0.710806821775860076E+00    0.194673079775545226E+02   -0.224735693169236356E+04   -0.226682423966991792E+04
    0.287899735239070531E+00    0.184663944672495081E-08    0.650535571674746960E+00   -0.190623970891493784E+02    0.801792587827008241E+00    0.692972886500231144E+00    0.194673079775545226E+02   -0.224735047568106302E+04   -0.226681778365861737E+04
    0.281663880129117250E+00    0.132100076743033758E-08    0.771059325894332792E+00   -0.189100474504411906E+02    0.800636288698560405E+00    0.701044708088911284E+00    0.194673079775545226E+02   -0.224733109133583139E+04   -0.226679839931338574E+04
    0.281756818481727400E+00    0.151536973724014000E-08    0.720262178563368383E+00   -0.192011118367587059E+02    0.809311768090320016E+00    0.694650540438662811E+00    0.194673079775545226E+02   -0.224729554672423046E+04   -0.226676285470178482E+04
    0.285467181049909202E+00    0.202011230870304751E-08    0.647282412615379110E+00   -0.190513101113034224E+02    0.801572948855421852E+00    0.715664624447300168E+00    0.194673079775545226E+02   -0.224729401592630302E+04   -0.226676132390385737E+04
    0.281083871131002860E+00    0.265971434254295628E-08    0.586444346724422472E+00   -0.189800426615753786E+02    0.811402743677010707E+00    0.720569424734981867E+00    0.194673079775545226E+02   -0.224729312195364082E+04   -0.226676042993119518E+04
    0.289944706335232283E+00    0.170937160049307901E-08    0.672573437259637585E+00   -0.194258329921298412E+02    0.812050690693180921E+00    0.697171628532929577E+00    0.194673079775545226E+02   -0.224728626092300829E+04   -0.226675356890056264E+04
    0.286767321179255408E+00    0.231332503429176612E-08    0.601793549991635257E+00   -0.190886074920000972E+02    0.808464552948829129E+00    0.704693695574254098E+00    0.194673079775545226E+02   -0.224728066455129419E+04   -0.226674797252884855E+04
    0.271667239652058468E+00    0.274123697735971613E-08    0.603227368847502721E+00   -0.191045467221797018E+02    0.802122123457747582E+00    0.735921063820675792E+00    0.194673079775545226E+02   -0.224726943482666275E+04   -0.226673674280421710E+04
    0.276811300826477480E+00    0.127880913195416426E-08    0.790061930458242467E+00   -0.190377603590788240E+02    0.802911117175047151E+00    0.699343258782834654E+00    0.194673079775545226E+02   -0.224725230983356641E+04   -0.226671961781112077E+04
    0.285215471495432971E+00    0.214513825958976019E-08    0.625338601876754496E+00   -0.192160790404864414E+02    0.812498837720631251E+00    0.707404861222352910E+00    0.194673079775545226E+02   -0.224724726595316361E+04   -0.226671457393071796E+04
    0.289791585385275940E+00    0.155517912871406218E-08    0.693608612453263995E+00   -0.193437952777866151E+02    0.810348569076105307E+00    0.688830214612350500E+00    0.194673079775545226E+02   -0.224723812149042942E+04   -0.226670542946798378E+04
    0.278739819095780716E+00    0.112004351838003517E-08    0.826369482242303888E+00   -0.193180356743102095E+02    0.801923118460475592E+00    0.692088261200729526E+00    0.194673079775545226E+02   -0.224723641850866215E+04   -0.226670372648621651E+04
    0.285242890681779881E+00    0.123588565343627496E-08    0.773579491523895380E+00   -0.193483516241582016E+02    0.808724862038345593E+00    0.687327276969223133E+00    0.194673079775545226E+02   -0.224721801229226412E+04   -0.226668532026981848E+04
    0.279302335041144656E+00    0.247470889301740169E-08    0.609056390875495346E+00   -0.192710572933567619E+02    0.807593636740910670E+00    0.723773880474949394E+00    0.194673079775545226E+02   -0.224720633359153044E+04   -0.226667364156908479E+04
    0.291800551241784389E+00    0.180782184152364228E-08    0.650529820078265097E+00   -0.192083934854813023E+02    0.804437410760279192E+00    0.692980862592255886E+00    0.194673079775545226E+02   -0.224719925092970016E+04   -0.226666655890725451E+04
    0.280841093334058212E+00    0.159047749226961885E-08    0.706300707821100215E+00   -0.193154286180530406E+02    0.804203364791785336E+00    0.693982772386367963E+00    0.194673079775545226E+02   -0.224719827801014389E+04   -0.226666558598769825E+04
    0.276626990804302864E+00    0.273109712118238210E-08    0.587510837411851949E+00   -0.190895368500895799E+02    0.806643211368561763E+00    0.722208459805917968E+00    0.194673079775545226E+02   -0.224718956663528706E+04   -0.226665687461284142E+04
    0.292927492282270330E+00    0.191327738051071346E-08    0.637573860765562439E+00   -0.189812974429976968E+02    0.801449174564059619E+00    0.698298547753601895E+00    0.194673079775545226E+02   -0.224718817424794861E+04   -0.226665548222550296E+04
    0.290830486771510632E+00    0.121329116174788997E-08    0.763610681710179318E+00   -0.189769613925316847E+02    0.805544428787765221E+00    0.681242616826307490E+00    0.194673079775545226E+02   -0.224718339418924688E+04   -0.226665070216680124E+04
    0.284409209429859589E+00    0.205559138393943927E-08    0.645254440066394763E+00   -0.193495588947101602E+02    0.800143448386383960E+00    0.717115222787234163E+00    0.194673079775545226E+02   -0.224716469251958870E+04   -0.226663200049714305E+04
    0.286186214447154530E+00    0.232800332748662202E-08    0.604965148295859012E+00   -0.189665324954708154E+02    0.810886942885104767E+00    0.710242638224840350E+00    0.194673079775545226E+02   -0.224712660648347219E+04   -0.226659391446102654E+04
    0.288422537806487134E+00    0.148368188767907837E-08    0.715595677740246905E+00   -0.192833274306054605E+02    0.805337064674176206E+00    0.694902744231501002E+00    0.194673079775545226E+02   -0.224711715527248407E+04   -0.226658446325003843E+04
    0.273025136461793438E+00    0.245043752996182812E-08    0.627382856425406921E+00   -0.194786680261689291E+02    0.800210694133496325E+00    0.732467128269356116E+00    0.194673079775545226E+02   -0.224711663722262665E+04   -0.226658394520018101E+04
    0.274002458552478456E+00    0.175612875170061451E-08    0.702192398729357903E+00   -0.191958866634180119E+02    0.803957799916533378E+00    0.710112407092451936E+00    0.194673079775545226E+02   -0.224711119516295048E+04   -0.226657850314050484E+04
    0.292041474945008206E+00    0.167139938494875108E-08    0.673578460033749660E+00   -0.190782825555249360E+02    0.801833366885628118E+00    0.694495763836322388E+00    0.194673079775545226E+02   -0.224710150348613524E+04   -0.226656881146368960E+04
    0.281682826949110399E+00    0.222461845481409442E-08    0.625961089441286478E+00   -0.192116282638914058E+02    0.809071520012140333E+00    0.714027120424499673E+00    0.194673079775545226E+02   -0.224710000680922940E+04   -0.226656731478678375E+04
    0.274262306947267942E+00    0.160840467543742282E-08    0.727488018262296254E+00   -0.192096746495756783E+02    0.802718427001566592E+00    0.708485308323406615E+00    0.194673079775545226E+02   -0.224709919247061907E+04   -0.226656650044817343E+04
    0.279270061089419430E+00    0.222530405052108967E-08    0.631723348168141796E+00   -0.190845042782941015E+02    0.807970992328778337E+00    0.716955927935381876E+00    0.194673079775545226E+02   -0.224708788307487566E+04   -0.226655519105243002E+04
    0.280707569009050972E+00    0.275111339194672163E-08    0.579774124376789324E+00   -0.194001448235680876E+02    0.808630906694706164E+00    0.721949117435545240E+00    0.194673079775545226E+02   -0.224708096991946286E+04   -0.226654827789701721E+04
    0.284710499884454238E+00    0.149077696333188743E-08    0.715946724367855003E+00   -0.191969470100430009E+02    0.805428773358058514E+00    0.689911492798933157E+00    0.194673079775545226E+02   -0.224706561366485448E+04   -0.226653292164240884E+04
    0.283764227105494427E+00    0.190972334980926718E-08    0.663226257820277776E+00   -0.189767156188156605E+02    0.803266236250551491E+00    0.712650501103597622E+00    0.194673079775545226E+02   -0.224706364086069198E+04   -0.226653094883824633E+04
    0.282089654761490172E+00    0.261124245687905455E-08    0.589845032206549935E+00   -0.194468726374431427E+02    0.808899861043314905E+00    0.721110179946486185E+00    0.194673079775545226E+02   -0.224705390514268720E+04   -0.226652121312024155E+04
    0.283061604671942857E+00    0.217094161990496660E-08    0.625856408803313058E+00   -0.189731732437791187E+02    0.807628458676533878E+00    0.708011178112872730E+00    0.194673079775545226E+02   -0.224698899872854099E+04   -0.226645630670609535E+04
    0.289349527986047406E+00    0.240567747192561981E-08    0.590982488085329161E+00   -0.189911891214564363E+02    0.804995715732031214E+00    0.708193223157117302E+00    0.194673079775545226E+02   -0.224698584438842545E+04   -0.226645315236597980E+04
    0.282485697849298723E+00    0.174745925221661807E-08    0.678684313523619687E+00   -0.191711070141159006E+02    0.803928272894231077E+00    0.697785543578523404E+00    0.194673079775545226E+02   -0.224697972975187940E+04   -0.226644703772943376E+04
    0.284415431641298011E+00    0.211922046882916418E-08    0.631419166940817123E+00   -0.193369633240477334E+02    0.808707187688620155E+00    0.709661057423115360E+00    0.194673079775545226E+02   -0.224697001250494168E+04   -0.226643732048249603E+04
    0.286723834989715876E+00    0.252045974370974404E-08    0.584426712541561422E+00   -0.193165767596459688E+02    0.804575251575902595E+00    0.709954882930205589E+00    0.194673079775545226E+02   -0.224696705867583250E+04   -0.226643436665338686E+04
    0.280885985516212744E+00    0.134471337319846085E-08    0.755336610077302351E+00   -0.190144610398444165E+02    0.801944106212868157E+00    0.689456494754432270E+00    0.194673079775545226E+02   -0.224696617511981958E+04   -0.226643348309737394E+04
    0.275616657131758647E+00    0.162929517038300359E-08    0.716011328878534137E+00   -0.190809720937661744E+02    0.802283282880332793E+00    0.702902386834047155E+00    0.194673079775545226E+02   -0.224695607117189820E+04   -0.226642337914945256E+04
    0.289251738330270181E+00    0.245612455677787099E-08    0.588056199891613507E+00   -0.192220981274588780E+02    0.803846687013760941E+00    0.711116338677612592E+00    0.194673079775545226E+02   -0.224691881821926518E+04   -0.226638612619681953E+04
    0.280069656613110118E+00    0.277363315225566180E-08    0.581868392137052326E+00   -0.193918102051980306E+02    0.803547431623121367E+00    0.726716789383243245E+00    0.194673079775545226E+02   -0.224680147414872090E+04   -0.226626878212627525E+04
    0.278144743323717691E+00    0.279010162744390286E-08    0.585242956579518969E+00   -0.192767262136984883E+02    0.800430954025735719E+00    0.729844279282546027E+00    0.194673079775545226E+02   -0.224667268537608425E+04   -0.226613999335363860E+04
    0.284099702954870970E+00    0.241821539361296391E-08    0.605054485449595947E+00   -0.190722942954494989E+02    0.803524285342856914E+00    0.719755807113250046E+00    0.194673079775545226E+02   -0.224690030665283166E+04   -0.226636761463038602E+04
    0.275573205833971935E+00    0.224298629672163837E-08    0.634153888468928728E+00   -0.194967639471788061E+02    0.800813515368153150E+00    0.715269085590123366E+00    0.194673079775545226E+02   -0.224677512360688297E+04   -0.226624243158443733E+04
    0.285111926446210862E+00    0.216837490850654379E-08    0.624818082565052002E+00   -0.190128354897293157E+02    0.800275321282039376E+00    0.710312832893394641E+00    0.194673079775545226E+02   -0.224652019405831788E+04   -0.226598750203587224E+04
    0.283615435979372166E+00    0.242741407904818185E-08    0.597257137890748191E+00   -0.190028584379705947E+02    0.800283250103044352E+00    0.708938357755905302E+00    0.194673079775545226E+02   -0.224690852070872688E+04   -0.226637582868628124E+04
    0.285903427885883077E+00    0.252970368575517520E-08    0.588037686977616048E+00   -0.189216796915163670E+02    0.801525955906774779E+00    0.714907017421913871E+00    0.194673079775545226E+02   -0.224667006039221224E+04   -0.226613736836976659E+04
    0.282945027683107642E+00    0.304681602313245572E-08    0.553090768487069062E+00   -0.191493186387430327E+02    0.804121944834767732E+00    0.722203868168908802E+00    0.194673079775545226E+02   -0.224683735331752223E+04   -0.226630466129507658E+04
    0.290222898686066988E+00    0.222086943209710112E-08    0.609750125481362981E+00   -0.189574197340590018E+02    0.800546925901263751E+00    0.708207483696497331E+00    0.194673079775545226E+02   -0.224690359356329600E+04   -0.226637090154085035E+04
    0.285294086737784225E+00    0.180450449231896659E-08    0.672716711608580487E+00   -0.192551067127188595E+02    0.803185607467105322E+00    0.707371762406730387E+00    0.194673079775545226E+02   -0.224691182428832462E+04   -0.226637913226587898E+04
    0.288708097535095631E+00    0.163831700161287487E-08    0.684762739568066214E+00   -0.191700561143181041E+02    0.801643509016612854E+00    0.694588722202467368E+00    0.194673079775545226E+02   -0.224681037555404555E+04   -0.226627768353159991E+04
    0.284483638349303014E+00    0.182166626037766778E-08    0.669825625625888987E+00   -0.191693354693902585E+02    0.801590444219049680E+00    0.705569093938743119E+00    0.194673079775545226E+02   -0.224661331198758171E+04   -0.226608061996513607E+04
    0.276551295361324390E+00    0.171800172174369164E-08    0.703752223029503576E+00   -0.192052003264342304E+02    0.803250339982227946E+00    0.709458591757841317E+00    0.194673079775545226E+02   -0.224686220948094751E+04   -0.226632951745850187E+04
    0.275903512721407562E+00    0.159470279022343813E-08    0.725258733718540438E+00   -0.190941889361186838E+02    0.801815795732464198E+00    0.706357316820682923E+00    0.194673079775545226E+02   -0.224683129114476242E+04   -0.226629859912231677E+04
    0.288516043427905933E+00    0.199107316324862514E-08    0.639620677632966483E+00   -0.189598790674619018E+02    0.800593508840855783E+00    0.706525753496742737E+00    0.194673079775545226E+02   -0.224679407164587201E+04   -0.226626137962342636E+04
    0.289088904252801593E+00    0.192432348722287661E-08    0.644612476949451008E+00   -0.190218007189148715E+02    0.802768050635161101E+00    0.702100467633232528E+00    0.194673079775545226E+02   -0.224679733342502868E+04   -0.226626464140258304E+04
    0.277877337071276265E+00    0.193833889722413470E-08    0.666960393370077398E+00   -0.192702562318968518E+02    0.801848744360981081E+00    0.710614835683958668E+00    0.194673079775545226E+02   -0.224661417685676633E+04   -0.226608148483432069E+04
    0.279143192255040584E+00    0.170790917468575977E-08    0.700231936483936779E+00   -0.189346014046523337E+02    0.800841103835943646E+00    0.708571139766187019E+00    0.194673079775545226E+02   -0.224665204511738420E+04   -0.226611935309493856E+04
