# da
0.000000000000000000e+00
8.197987788983395774e+01
1.600494702420611759e+02
2.344238329690801379e+02
3.053027902956399657e+02
3.728723255078480747e+02
4.373058180335960401e+02
4.987651461468216780e+02
5.574016719142814509e+02
6.133571227371237455e+02
6.667643819122591822e+02
7.177481989946604699e+02
7.664258293354492935e+02
8.129076109643473274e+02
8.572974859475876883e+02
8.996934724578937903e+02
9.401880930201685942e+02
9.788687637270662663e+02
1.015818148637701711e+03
1.051114483067600304e+03
1.084831869038092009e+03
1.117040545769481241e+03
1.147807137767002587e+03
1.177194882755099798e+03
1.205263841458466914e+03
1.232071091002748744e+03
1.257670903509710342e+03
1.282114911287498217e+03
1.305452259863350264e+03
1.327729749971018236e+03
1.348991969486073913e+03
1.369281416197114368e+03
1.388638612207984124e+03
1.407102210683944350e+03
1.424709095582018108e+03
1.441494474941247972e+03
1.457491968251447361e+03
1.472733688368295816e+03
1.487250318397456113e+03
1.501071183930319194e+03
1.514224320978176820e+03
1.526736539919746519e+03
1.538633485748538078e+03
1.549939694881030618e+03
1.560678648763904448e+03
1.570872824498109594e+03
1.580543742679226398e+03
1.589712012637076214e+03
1.598397375242715725e+03
1.606618743437540161e+03
1.614394240627133968e+03
1.621741237071574687e+03
1.628676384393971148e+03
1.635215648320025821e+03
1.641374339753211416e+03
1.647167144282720074e+03
1.652608150214523903e+03
1.657710875209675805e+03
1.662488291608285408e+03
1.666952850512392160e+03
1.671116504696157335e+03
1.674990730407388355e+03
1.678586548120339330e+03
1.681914542295988667e+03
1.684984880202518525e+03
1.687807329845513323e+03
1.690391277054422517e+03
1.692745741769052529e+03
1.694879393567318402e+03
1.696800566473050139e+03
1.698517273080466566e+03
1.700037218029815222e+03
1.701367810866753416e+03
1.702516178316235255e+03
1.703489175999955023e+03
1.704293399624816402e+03
1.704935195668412462e+03
1.705420671586081653e+03
1.705755705562801040e+03
1.705945955831962692e+03
1.705996869581868623e+03
1.705913691469736932e+03
1.705701471761951780e+03
1.705365074118317125e+03
1.704909183037196499e+03
1.704338310977488618e+03
1.703656805172653094e+03
1.702868854151173082e+03
1.701978493977135940e+03
1.700989614223925400e+03
1.699905963693379590e+03
1.698731155892118295e+03
1.697468674276211232e+03
1.696121877274775215e+03
1.694694003102568786e+03
1.693188174371176729e+03
1.691607402507899678e+03
1.689954591991010830e+03
1.688232544409643424e+03
1.686443962356156135e+03
1.684591453158453533e+03
1.682677532459385020e+03
1.680704627649995928e+03
1.678675081163086588e+03
1.676591153633231215e+03
1.674455026929121459e+03
1.672268807063806435e+03
1.670034526988160678e+03
1.667754149272645691e+03
1.665429568682211311e+03
1.663062614648933504e+03
1.660655053646796205e+03
1.658208591472812486e+03
1.655724875438479330e+03
1.653205495527403627e+03
1.650651990151530526e+03
1.648065842582284859e+03
1.645448486440300940e+03
1.642801306600712223e+03
1.640125640920982278e+03
1.637422781902406314e+03
1.634693978288049948e+03
1.631940436599759096e+03
1.629163322616764162e+03
1.626363762798270272e+03
1.623542845652354572e+03
1.620701623053348385e+03
1.617841111509814937e+03
1.614962293385138764e+03
1.612066118072623340e+03
1.609153503126964779e+03
1.606225335353835590e+03
1.603282471859263978e+03
1.600325741060432392e+03
1.597355943659403010e+03
1.594373853581279036e+03
1.591380218878181495e+03
1.588375762600407597e+03
1.585361183636053738e+03
1.582337157520355959e+03
1.579304337215895657e+03
1.576263353864861301e+03
1.573214817514394781e+03
1.570159317816109251e+03
1.567097424700745705e+03
1.564029689028945540e+03
1.560956643219039051e+03
1.557878801852742981e+03
1.554796662259598634e+03
1.551710705080960906e+03
