# f_ap
0.000000000000000000e+00
2.029268658251648025e-02
4.077444547680697529e-02
6.145469727755432932e-02
8.234264318903222746e-02
1.034472505809603954e-01
1.247772403347479492e-01
1.463410759441790276e-01
1.681469543217289919e-01
1.902027982504640446e-01
2.125162504118864593e-01
2.350946689121548305e-01
2.579451242227700503e-01
2.810743974470334416e-01
3.044889798202391473e-01
3.281950733495717643e-01
3.521985924989244898e-01
3.765051668241865546e-01
4.011201444658768489e-01
4.260485964081462407e-01
4.512953214160633220e-01
4.768648515665460108e-01
5.027614582922536046e-01
5.289891588620477814e-01
5.555517232261981686e-01
5.824526811592432018e-01
6.096953296382517928e-01
6.372827403990626305e-01
6.652177676179111820e-01
6.935030556705429339e-01
7.221410469255110653e-01
7.511339895327534544e-01
7.804839451727744182e-01
8.101927967357220872e-01
8.402622559034659266e-01
8.706938706112483661e-01
9.014890323688110607e-01
9.326489834239095611e-01
9.641748237539192745e-01
9.960675178738140900e-01
1.028327901451105975e+00
1.060956687720434388e+00
1.093954473692437146e+00
1.127321746153161719e+00
1.161058887451859700e+00
1.195166181076291245e+00
1.229643817015884766e+00
1.264491896914083480e+00
1.299710439012144558e+00
1.335299382887382702e+00
1.371258593989513885e+00
1.407587867979310126e+00
1.444286934874204453e+00
1.481355463005871176e+00
1.518793062795088966e+00
1.556599290349408804e+00
1.594773650889331984e+00
1.633315602008794443e+00
1.672224556775832260e+00
1.711499886679307414e+00
1.751140924427586620e+00
1.791146966605009716e+00
1.831517276191910071e+00
1.872251084953874045e+00
1.913347595705808368e+00
1.954805984456274848e+00
1.996625402437402830e+00
2.038804978025537729e+00
2.081343818557666037e+00
2.124241012048452060e+00
2.167495628812616371e+00
2.211106722997146168e+00
2.255073334027734688e+00
2.299394487973648982e+00
2.344069198835049939e+00
2.389096469756646357e+00
2.434475294171392523e+00
2.480204656877789571e+00
2.526283535054172358e+00
2.572710899213266789e+00
2.619485714100078244e+00
2.666606939536100729e+00
2.714073531212672474e+00
2.761884441436133653e+00
2.810038619827397888e+00
2.858535013978323214e+00
2.907372570067253470e+00
2.956550233435892849e+00
3.006066949129628796e+00
3.055921662403281669e+00
3.106113319194211186e+00
3.156640866564496495e+00
3.207503253113968888e+00
3.258699429365667921e+00
3.310228348125267672e+00
3.362088964815911130e+00
3.414280237789846240e+00
3.466801128618153705e+00
3.519650602359797542e+00
3.572827627811185902e+00
3.626331177737309730e+00
3.680160229085575274e+00
3.734313763183236379e+00
3.788790765919440418e+00
3.843590227912712098e+00
3.898711144664786410e+00
3.954152516701503917e+00
4.009913349701587748e+00
4.065992654613970636e+00
4.122389447764367887e+00
4.179102750951717127e+00
4.236131591535092333e+00
4.293475002511639715e+00
4.351132022586130965e+00
4.409101693704271518e+00
4.467383071022606345e+00
4.525975208364912739e+00
4.584877167809587206e+00
4.644088017380641809e+00
4.703606831076413641e+00
4.763432688892826228e+00
4.823564676841600729e+00
4.884001886963698524e+00
4.944743417338330005e+00
5.005788372087771165e+00
5.067135861378332606e+00
5.128785001417626610e+00
5.190734914448501769e+00
5.252984728739767739e+00
5.315533578573962359e+00
5.378380604232400053e+00
5.441524951977605440e+00
5.504965774033408366e+00
5.568702228562810497e+00
5.632733479643780683e+00
5.697058697243178926e+00
5.761677057188904882e+00
5.826587741140404120e+00
5.891789936557712437e+00
5.957282836669100412e+00
6.023065640437418544e+00
6.089137552525344610e+00
6.155497783259514577e+00
6.222145548593708497e+00
6.289080070071151773e+00
6.356300574786014401e+00
6.423806295344191675e+00
6.491596469823446292e+00
6.559670341732961596e+00
6.628027159972384119e+00
