# f_z
5.068068535585203982e-01
5.189764077052533287e-01
5.309539154592861632e-01
5.427323924086610019e-01
5.543057617047675301e-01
5.656687096437518214e-01
5.768166840942671181e-01
5.877459192103231533e-01
5.984533190849999906e-01
6.089365202044420000e-01
6.191937444268571511e-01
6.292238999188209947e-01
6.390264139611925298e-01
6.486012794820331662e-01
6.579489646212416387e-01
6.670704502787955237e-01
6.759671117394615569e-01
6.846407145967580155e-01
6.930933933821953330e-01
7.013276304455652310e-01
7.093461346217990737e-01
7.171519502793123335e-01
7.247483113977967184e-01
7.321386460572437693e-01
7.393265816029206405e-01
7.463159009672839517e-01
7.531104698354873506e-01
7.597143159981575300e-01
7.661314934642450281e-01
7.723661597265333301e-01
7.784225230767690684e-01
7.843047915679000059e-01
7.900172162524684571e-01
7.955640151403156057e-01
8.009494533796359672e-01
8.061777439883944796e-01
8.112530470249049719e-01
8.161795187583174016e-01
8.209612405169266491e-01
8.256022881075353315e-01
8.301066215791331748e-01
8.344781786782516919e-01
8.387207779047021194e-01
8.428382370606701812e-01
8.468342255886800451e-01
8.507123796708356833e-01
8.544762421524543239e-01
8.581292688018983261e-01
8.616748306242906219e-01
8.651162515920919338e-01
8.684567082873742017e-01
8.716993282875761251e-01
8.748471608825431067e-01
8.779031650514427243e-01
8.808701853579736785e-01
8.837510629995990463e-01
8.865484843148647709e-01
8.892650517751775618e-01
8.919033600704621145e-01
8.944658567501674318e-01
8.969549615189694736e-01
8.993729730524896437e-01
9.017221661141945344e-01
9.040047006244114058e-01
9.062227124124946354e-01
9.083782140403177108e-01
9.104732011620312315e-01
9.125096051709467027e-01
9.144892525194153743e-01
9.164139477681665369e-01
9.182854061788973121e-01
9.201053169719874969e-01
9.218753107709070083e-01
9.235969250666943298e-01
9.252717014939699780e-01
9.269010964265148589e-01
9.284865250259628500e-01
9.300293508868427983e-01
9.315308947461347078e-01
9.329924299325854653e-01
9.344152058292597429e-01
9.358004150606706872e-01
9.371491939119179770e-01
9.384626692126672998e-01
9.397419320214311922e-01
9.409880072060856637e-01
9.422019012182369924e-01
9.433846086983339596e-01
9.445370340510969021e-01
9.456601129205626233e-01
9.467547186777174328e-01
9.478217017762233798e-01
9.488618643218120763e-01
9.498760399561441137e-01
9.508649652876510761e-01
9.518293786894009845e-01
9.527700445899944803e-01
9.536875995953792984e-01
9.545827374201654170e-01
9.554561170646317381e-01
9.563083614391261200e-01
9.571400931523297295e-01
9.579518545223737469e-01
9.587442654312855472e-01
9.595178549293051917e-01
9.602731734497952365e-01
9.610106897904747703e-01
9.617309333228605261e-01
9.624344037682053266e-01
9.631215483718071901e-01
9.637928395812210836e-01
9.644486757654101572e-01
9.650895229961106159e-01
9.657157623143349801e-01
9.663278222756743752e-01
9.669260820845898552e-01
9.675108859740320089e-01
9.680826285510703011e-01
9.686416371502919453e-01
9.691882818271838618e-01
9.697228534273752976e-01
9.702457169262581615e-01
9.707571384210450516e-01
9.712574498647281729e-01
9.717469217119275582e-01
9.722258608252410950e-01
9.726945131775304176e-01
9.731531687772986272e-01
9.736020573699869507e-01
9.740414601844650244e-01
9.744715926782089310e-01
9.748927220358197809e-01
9.753050326295992223e-01
9.757087916506528291e-01
9.761042000771640303e-01
9.764914393833864503e-01
9.768707452334957075e-01
9.772422991225155897e-01
9.776062989333673681e-01
9.779629400621989710e-01
9.783123836607365842e-01
9.786548014012542707e-01
9.789903825737168441e-01
9.793192856804485702e-01
9.796416765372181201e-01
9.799577114588929883e-01
9.802675184360278848e-01
9.805712871025948907e-01
9.808691341840375388e-01
9.811611808270220836e-01
