# fsigma_8
4.324027461822123608e-01
4.382831842669916989e-01
4.438230477020336240e-01
4.490259546137330693e-01
4.538964029122358745e-01
4.584396896593607718e-01
4.626617811308871842e-01
4.665693109010490280e-01
4.701694413366037106e-01
4.734698197891854532e-01
4.764784998281676454e-01
4.792039064684072147e-01
4.816547173983372065e-01
4.838398432119982440e-01
4.857683481231603317e-01
4.874494430954460777e-01
4.888923780858798751e-01
4.901064297527356062e-01
4.911008690510875185e-01
4.918849127168032354e-01
4.924676799239599001e-01
4.928581878869370825e-01
4.930653105330652930e-01
4.930977503349405211e-01
4.929640471950222369e-01
4.926725320248160900e-01
4.922313196866852092e-01
4.916483074261537300e-01
4.909311600666790842e-01
4.900873049507603607e-01
4.891239251428338708e-01
4.880479543981134927e-01
4.868660790218676815e-01
4.855847243833494309e-01
4.842100881118160394e-01
4.827481107520530390e-01
4.812044744647653305e-01
4.795846395281181396e-01
4.778938262270633341e-01
4.761370177181231678e-01
4.743189735550162878e-01
4.724442317771256339e-01
4.705171137572665696e-01
4.685417473850138625e-01
4.665220338374754805e-01
4.644617027884188620e-01
4.623642829382270114e-01
4.602331262392194700e-01
4.580714056232616516e-01
4.558821442739975915e-01
4.536681782142913399e-01
4.514322031279119907e-01
4.491767665130430576e-01
4.469042757338570482e-01
4.446169975260416130e-01
4.423170777148369148e-01
4.400065358541102589e-01
4.376872586528180453e-01
4.353610504235941869e-01
4.330295816371545481e-01
4.306944409755353309e-01
4.283571089276387855e-01
4.260189743836542697e-01
4.236813439654076308e-01
4.213454468982191226e-01
4.190124162902380545e-01
4.166833242097268131e-01
4.143591754747224520e-01
4.120408972256950353e-01
4.097293610621412507e-01
4.074253700308677617e-01
4.051296825654697176e-01
4.028429923254935874e-01
4.005659478456237155e-01
3.982991522539557905e-01
3.960431545067840120e-01
3.937984711180899655e-01
3.915655712204401118e-01
3.893448878267831703e-01
3.871368142193558626e-01
3.849417174454575208e-01
3.827599305288442721e-01
3.805917476782635922e-01
3.784374490184533313e-01
3.762972763060357662e-01
3.741714519907986536e-01
3.720601733093191199e-01
3.699636123963380707e-01
3.678819257833841339e-01
3.658152464541028492e-01
3.637636896827637911e-01
3.617273566317765199e-01
3.597063242828784091e-01
3.577006640047731834e-01
3.557104285518651876e-01
3.537356513299530492e-01
3.517763720734314314e-01
3.498325913647686303e-01
3.479043193915506427e-01
3.459915476836344372e-01
3.440942633886481250e-01
3.422124436059206243e-01
3.403460497710686372e-01
3.384950441119903286e-01
3.366593758679786164e-01
3.348389992474367638e-01
3.330338402183065094e-01
3.312438388643317855e-01
3.294689276064105554e-01
3.277090226034200526e-01
3.259640459501770837e-01
3.242339070471433882e-01
3.225185242107228012e-01
3.208177990383107581e-01
3.191316396857656890e-01
3.174599423790645525e-01
3.158026077128594511e-01
3.141595299315430023e-01
3.125306022172378850e-01
3.109157220574834124e-01
3.093147719993824540e-01
3.077276446200695736e-01
3.061542211835528993e-01
3.045943960705557729e-01
3.030480447076356887e-01
3.015150592649344374e-01
2.999953154813887468e-01
2.984887021872643653e-01
2.969950954360224271e-01
2.955143782710906164e-01
2.940464337378615456e-01
2.925911433458586730e-01
2.911483799765441360e-01
2.897180381661977888e-01
2.882999898908523706e-01
2.868941142801272881e-01
2.855002984837151092e-01
2.841184206079684360e-01
2.827483652560079386e-01
2.813900146339134989e-01
2.800432516674712935e-01
2.787079571934643618e-01
2.773840161267216997e-01
2.760713169152810287e-01
2.747697424167369062e-01
2.734791766625078724e-01
2.721995111641921095e-01
2.709306313034489655e-01
2.696724230787675425e-01
2.684247773938742143e-01
