# h
7.208845242385562813e+01
7.273896095384253613e+01
7.340963441319621552e+01
7.410043411717175843e+01
7.481130655523719497e+01
7.554218421127336569e+01
7.629298639334639631e+01
7.706362006749050408e+01
7.785398069028923373e+01
7.866395303542660145e+01
7.949341200979074529e+01
8.034222345514147889e+01
8.121024493178786940e+01
8.209732648116244036e+01
8.300331136460853543e+01
8.392803677612054969e+01
8.487133452718045135e+01
8.583303170221950040e+01
8.681295128359433022e+01
8.781091274530324142e+01
8.882673261497539841e+01
8.986022500394686574e+01
9.091120210548739067e+01
9.197947466146558781e+01
9.306485239793549624e+01
9.416714443029542281e+01
9.528615963881397022e+01
9.642170701543633982e+01
9.757359598288239511e+01
9.874163668712314745e+01
9.992564026438104463e+01
1.011254190838400859e+02
1.023407869672780635e+02
1.035715593868446263e+02
1.048175536422119762e+02
1.060785890183127407e+02
1.073544869248650571e+02
1.086450710188568678e+02
1.099501673111320201e+02
1.112696042581843727e+02
1.126032128402258934e+02
1.139508266265522280e+02
1.153122818291846841e+02
1.166874173457201778e+02
1.180760747922752358e+02
1.194780985273606717e+02
1.208933356674789223e+02
1.223216360951871735e+02
1.237628524603253624e+02
1.252168401750630267e+02
1.266834574033755558e+02
1.281625650455198127e+02
1.296540267180384944e+02
1.311577087297838204e+02
1.326734800544172970e+02
1.342012122998037853e+02
1.357407796746893780e+02
1.372920589530192785e+02
1.388549294362238413e+02
1.404292729137727349e+02
1.420149736222727199e+02
1.436119182033601192e+02
1.452199956606162914e+02
1.468390973157142412e+02
1.484691167639843741e+02
1.501099498295713204e+02
1.517614945203339687e+02
1.534236509826289421e+02
1.550963214561001848e+02
1.567794102285875795e+02
1.584728235912528476e+02
1.601764697940104725e+02
1.618902590013423435e+02
1.636141032485641063e+02
1.653479163986037292e+02
1.670916140993438432e+02
1.688451137415732433e+02
1.706083344175864056e+02
1.723811968804633636e+02
1.741636235040570568e+02
1.759555382437113451e+02
1.777568665977267699e+02
1.795675355695895519e+02
1.813874736309727211e+02
1.832166106855175087e+02
1.850548780334001435e+02
1.869022083366844527e+02
1.887585355854609759e+02
1.906237950647694106e+02
1.924979233223003519e+02
1.943808581368706996e+02
1.962725384876648604e+02
1.981729045242337293e+02
2.000818975372409341e+02
2.019994599299477045e+02
2.039255351904227496e+02
2.058600678644664015e+02
2.078030035292368325e+02
2.097542887675641623e+02
2.117138711429402633e+02
2.136816991751691148e+02
2.156577223166659962e+02
2.176418909293887509e+02
2.196341562623895527e+02
2.216344704299707189e+02
2.236427863904320645e+02
2.256590579253945918e+02
2.276832396196865034e+02
2.297152868417783225e+02
2.317551557247518019e+02
2.338028031477902289e+02
2.358581867181762561e+02
2.379212647537822818e+02
2.399919962660436568e+02
2.420703409433977811e+02
2.441562591351797948e+02
2.462497118359594310e+02
2.483506606703097646e+02
2.504590678779932489e+02
2.525748962995551778e+02
2.546981093623119250e+02
2.568286710667237003e+02
2.589665459731402848e+02
2.611116991889093129e+02
2.632640963558365570e+02
2.654237036379889219e+02
2.675904877098279258e+02
2.697644157446682698e+02
2.719454554034469425e+02
2.741335748237978578e+02
2.763287426094225907e+02
2.785309278197445906e+02
2.807400999598457361e+02
2.829562289706694855e+02
2.851792852194889178e+02
2.874092394906269305e+02
2.896460629764259807e+02
2.918897272684552604e+02
2.941402043489533753e+02
2.963974665824939621e+02
2.986614867078737348e+02
3.009322378302111360e+02
3.032096934132533761e+02
3.054938272718830490e+02
3.077846135648206882e+02
3.100820267875151899e+02
3.123860417652193746e+02
3.146966336462425033e+02
3.170137778953765633e+02
3.193374502874911514e+02
