# sigma_8
8.531904080343761798e-01
8.445146595486660024e-01
8.358974946405988149e-01
8.273432006166865360e-01
8.188556465952606667e-01
8.104384807639051225e-01
8.020950050315742708e-01
7.938282438913686345e-01
7.856409620310322861e-01
7.775355953855822566e-01
7.695143953193670505e-01
7.615793146608568209e-01
7.537320944413851143e-01
7.459742348926418076e-01
7.383070332860851570e-01
7.307315784887808974e-01
7.232487640231733961e-01
7.158593102973727085e-01
7.085637718382892247e-01
7.013625178353525280e-01
6.942558165718744068e-01
6.872437392033604597e-01
6.803262633094065981e-01
6.735032401177012407e-01
6.667744126367480817e-01
6.601394012726700122e-01
6.535977647398930612e-01
6.471489309507050258e-01
6.407922977383654350e-01
6.345271588857316347e-01
6.283527398584737300e-01
6.222682299600122979e-01
6.162727457147949561e-01
6.103653699038984470e-01
6.045451258736410649e-01
5.988110120278916648e-01
5.931619933256073729e-01
5.875970034848793100e-01
5.821149679687102063e-01
5.767147506452960926e-01
5.713952415566895260e-01
5.661552858403564592e-01
5.609937492340604237e-01
5.559094578089089911e-01
5.509012504934728272e-01
5.459679603676768078e-01
5.411084125329405081e-01
5.363214412693172450e-01
5.316058788573237992e-01
5.269605598496478471e-01
5.223843329035251504e-01
5.178760479427411134e-01
5.134345593119544748e-01
5.090587362305154517e-01
5.047474700773931788e-01
5.004996273651300953e-01
4.963141256669707513e-01
4.921898794730475424e-01
4.881258103895917966e-01
4.841208620421424413e-01
4.801739880519370618e-01
4.762841688179557664e-01
4.724503737326370967e-01
4.686716160577082402e-01
4.649469066787536020e-01
4.612752813902695759e-01
4.576557812771606115e-01
4.540874672733967721e-01
4.505694256007093390e-01
4.471007474951638194e-01
4.436805456009768056e-01
4.403079463758862722e-01
4.369820816533431795e-01
4.337021237015251662e-01
4.304672363921329126e-01
4.272766059223045421e-01
4.241294413045771927e-01
4.210249610370437878e-01
4.179623993393040693e-01
4.149410025195262586e-01
4.119600313051794416e-01
4.090187655067761829e-01
4.061164968723594004e-01
4.032525335674217448e-01
4.004261845553723220e-01
3.976367914632215061e-01
3.948837004343306867e-01
3.921662585812244473e-01
3.894838556044195599e-01
3.868358636004266549e-01
3.842216811877245397e-01
3.816407199306550702e-01
3.790924030232517561e-01
3.765761520011476904e-01
3.740914236379057067e-01
3.716376687353578068e-01
3.692143493289730127e-01
3.668209500817584123e-01
3.644569566927108872e-01
3.621218614901911548e-01
3.598151780988599890e-01
3.575364213182711248e-01
3.552851306298291378e-01
3.530608279150648232e-01
3.508630653806674715e-01
3.486914020981371487e-01
3.465454065770241510e-01
3.444246487111075061e-01
3.423287096933003149e-01
3.402571805785306602e-01
3.382096572659868960e-01
3.361857558566539450e-01
3.341850849333306561e-01
3.322072721164577858e-01
3.302519417625995879e-01
3.283187290745686049e-01
3.264072914228022260e-01
3.245172681197117659e-01
3.226483254805063150e-01
3.208001251019281796e-01
3.189723444241254202e-01
3.171646514400000005e-01
3.153767395226354520e-01
3.136082983074962582e-01
3.118590220731089491e-01
3.101286145680218209e-01
3.084167859664233569e-01
3.067232494986326663e-01
3.050477278553641591e-01
3.033899380577966265e-01
3.017496209712106636e-01
3.001265028780348287e-01
2.985203297798590394e-01
2.969308472418989431e-01
2.953578008045261716e-01
2.938009517638873747e-01
2.922600557717322522e-01
2.907348779960545748e-01
2.892251876491640505e-01
2.877307545171567948e-01
2.862513613694436243e-01
2.847867877359878674e-01
2.833368141957564035e-01
2.819012358400169171e-01
2.804798417600784521e-01
2.790724267635703026e-01
2.776788030256006068e-01
2.762987605969968730e-01
2.749321124301681851e-01
2.735786766121531821e-01
