# bin_1_1
1.319078359931266939e-06
1.666018842513601147e-06
1.931224463299879886e-06
2.142883816314763380e-06
2.313513198053645325e-06
2.452232515508316224e-06
2.565050327796377973e-06
2.656514870597349492e-06
2.730883956533752528e-06
2.790801451772264818e-06
2.875151895349825989e-06
2.902943533907419651e-06
2.935947151138867416e-06
2.945567581479138842e-06
2.938164504975371223e-06
2.903586135858427900e-06
2.847121466253818469e-06
2.774729423712761274e-06
2.663332748735959164e-06
2.512894943292197232e-06
2.357690098358695341e-06
2.203220074066472719e-06
1.998501696843647588e-06
1.814404660272693057e-06
1.630940092882414448e-06
1.456426124976099852e-06
1.281908316883893123e-06
1.131580195531331213e-06
1.003667446323765308e-06
8.753356128844852694e-07
7.619240026242698412e-07
6.514653244202999996e-07
5.520158422024089457e-07
4.638489082697964285e-07
3.904374086534357471e-07
3.300872358011569961e-07
2.771903811187396344e-07
2.316984589427963300e-07
1.946495664943920348e-07
1.627691815439215864e-07
1.367227571086693423e-07
1.150966357261209141e-07
9.713454458940017644e-08
8.224253355553355046e-08
6.989150486910662799e-08
5.958165489044137341e-08
5.092997231308795230e-08
4.363281611132447345e-08
3.743258750343538129e-08
3.212878497898808083e-08
2.756366539964557005e-08
2.361379434179112777e-08
2.018248225792931103e-08
1.719427264885469238e-08
1.458967746033912655e-08
1.232108646706779516e-08
1.034959195285016974e-08
8.642488637195766882e-09
7.171466599462327641e-09
5.911323941485174654e-09
4.839102833556482442e-09
3.933551333495443851e-09
3.174837120165684029e-09
2.544438291166216290e-09
2.025124105362944227e-09
1.601004494209323301e-09
1.257585269873932317e-09
9.818250469928222963e-10
7.621647671632697367e-10
5.885202402199637490e-10
4.522288562026086990e-10
3.459627374523300533e-10
2.636103700412810447e-10
2.001429727620094590e-10
1.514736961900546549e-10
1.143185247395457253e-10
8.606572998651069748e-11
6.465717397482873556e-11
4.848440672812778348e-11
3.629949425939863017e-11
2.714033486758067753e-11
2.026920309159320216e-11
1.512341922620433029e-11
