# ee
5.216004393822838009e-02
7.825258657105453597e-02
8.014525287739819592e-02
6.393296355266468722e-02
4.200274794058218158e-02
2.394644480558635879e-02
1.325361244237020612e-02
8.652659962188925802e-03
7.171425023149174786e-03
6.477916646082366656e-03
5.667943901186739755e-03
4.846749030212875627e-03
4.349533625679055486e-03
4.276949141473213728e-03
4.468754372694975704e-03
4.738470974247789048e-03
4.963346124873401106e-03
5.253427148914596549e-03
5.736802404899198418e-03
6.461358419001157934e-03
7.457426668947151650e-03
8.693034994745897290e-03
1.013087603516271348e-02
1.174369589631703813e-02
1.352080400815445019e-02
1.548307721914198021e-02
1.762721512878997338e-02
1.992036369708304749e-02
2.233850798104307714e-02
2.491340619455907623e-02
2.771508382934326567e-02
3.074342731689847993e-02
3.404334678895992033e-02
3.757273913705155149e-02
4.131485215349289114e-02
4.533207944181943255e-02
4.965600516245568391e-02
5.426320836112626111e-02
5.911913529834394304e-02
6.419896013602481577e-02
6.951624865718074309e-02
7.509399741221683966e-02
8.095304872996578194e-02
8.711142216616520051e-02
9.358141398177095838e-02
1.003641640520065298e-01
1.074511519316811575e-01
1.148331143405790511e-01
1.225119305238594331e-01
1.304904563789396343e-01
1.387709974021194836e-01
1.473523787318070655e-01
1.562341683414353033e-01
1.654174198744872148e-01
1.748975955329977738e-01
1.846745338141096981e-01
1.947513957938176166e-01
2.051320853831412883e-01
2.158130781428503620e-01
2.267903306818484233e-01
2.380577238015754438e-01
2.496093621866300460e-01
2.614386076865860553e-01
2.735410506560921329e-01
2.859063991555730877e-01
2.985275741294570739e-01
3.113953284030728796e-01
3.245026433068246008e-01
3.378432430061411029e-01
3.514132861621908632e-01
3.652090125637744156e-01
3.792253823203067808e-01
3.934514128610029915e-01
4.078753787800530328e-01
4.224835217303168911e-01
4.372658369597349770e-01
4.522110296099425830e-01
4.673085476575999930e-01
4.825478390793676020e-01
4.979177300507260928e-01
5.134060452124872276e-01
5.289985017342331286e-01
5.446815596205708543e-01
5.604409360410826935e-01
5.762648848946151370e-01
5.921399216366730611e-01
6.080536127819756720e-01
6.239935248452420646e-01
6.399427673310417175e-01
6.558882208109363399e-01
6.718147649188835890e-01
6.877073361807082286e-01
7.035530996273107185e-01
7.193362489494908862e-01
7.350424635080989866e-01
7.506566798289601161e-01
7.661630916028741023e-01
7.815473781906914219e-01
7.967974474583368050e-01
8.118982359316356812e-01
8.268272517861627868e-01
8.415842882482434950e-01
8.561394251432027369e-01
8.704850273471155253e-01
8.846060313858072899e-01
8.984948021353528214e-01
9.121288477713274112e-01
9.255005331698060722e-01
9.385873665063636517e-01
9.513816614619806655e-01
9.638755269372585310e-01
9.760461639372032261e-01
9.878782018170715329e-01
9.993711266326195108e-01
1.010509567739103831e+00
1.021270726141530805e+00
1.031654087895657046e+00
1.041644282356738671e+00
1.051233367230282267e+00
1.060405971871543951e+00
1.069154153986030531e+00
1.077469971279248151e+00
1.085338053106453593e+00
1.092757885523402805e+00
1.099714097885352349e+00
1.106206176248058615e+00
1.112218749966778386e+00
1.117751305097267389e+00
1.122788470994782406e+00
1.127329854864567826e+00
1.131375548509818918e+00
1.134910908182718892e+00
1.137951003536451067e+00
1.140473762472948627e+00
1.142486826295145308e+00
1.143982979605473682e+00
1.144969863706867264e+00
1.145440263201759512e+00
1.145394391042833249e+00
1.144847316883272459e+00
1.143784396975259909e+00
1.142213272621728892e+00
1.140141585125612478e+00
1.137562119089344348e+00
1.134489944166107822e+00
1.130932701658835748e+00
1.126890604520211392e+00
1.122371294053168711e+00
1.117382411560639888e+00
1.111931569152480925e+00
1.106026262166233121e+00
1.099681385096610953e+00
1.092911832438327790e+00
1.085717641985597393e+00
1.078121136583383599e+00
1.070122354025900391e+00
1.061751045508361413e+00
1.053007248824980424e+00
1.043913286820721487e+00
1.034484053990297969e+00
1.024734444828423907e+00
1.014694210530312946e+00
1.004363388890179287e+00
9.937643027529863282e-01
9.829192749636980198e-01
9.718506283672779800e-01
9.605806858086903821e-01
9.491317701328986223e-01
9.375187758346166245e-01
9.257714541090581450e-01
9.139121278011872462e-01
9.019631197559673241e-01
8.899467528183624410e-01
8.779002065338363803e-01
8.658383962769625741e-01
8.537986059925026794e-01
8.418032838045793609e-01
8.298748778373138402e-01
8.180506929153280593e-01
8.063606055129938222e-01
7.948344921046829326e-01
7.834948008145170562e-01
7.723788364671182460e-01
7.615239038871078892e-01
7.509524511986080952e-01
7.406950977110156042e-01
7.307921195890522137e-01
7.212748789771397107e-01
7.121777093597998487e-01
7.035327157164792400e-01
6.953749743667251293e-01
6.877380759600340010e-01
6.806578396509775919e-01
6.741700845941279718e-01
6.683106299440567666e-01
6.631167805253856962e-01
6.586243554926866084e-01
6.548691740005313511e-01
6.518870552034916610e-01
6.497157664336872251e-01
6.483897252080534912e-01
6.479445543860489209e-01
6.484151339921068180e-01
6.498370868856855331e-01
6.522445502561936559e-01
6.556738897981142511e-01
6.601599855358809554e-01
6.657369746589021364e-01
6.724412228616608589e-01
6.803083530036156956e-01
6.893717594391501891e-01
6.996678078627474040e-01
7.112321211338659133e-01
7.240928937617140404e-01
7.382939197910249884e-01
7.538633937310075250e-01
7.708295100908697517e-01
7.892353200803201574e-01
8.091090182085668436e-01
8.304787989848183560e-01
8.533877136187831836e-01
8.778565282694195115e-01
9.039208657961860238e-01
9.316014923580407947e-01
9.609414591646922021e-01
9.919689607253487917e-01
1.024704763198968749e+00
1.059184489445010646e+00
1.095436333972682474e+00
1.133473634590693280e+00
1.173332014158500636e+00
1.215039667185313643e+00
1.258617359830090265e+00
1.304093286602038937e+00
1.351495642010368092e+00
1.400830335513536085e+00
1.452125561620750904e+00
1.505394658140721598e+00
1.560673247932906405e+00
1.617974668806013261e+00
1.677312258568750991e+00
1.738706783380077558e+00
1.802171581048701343e+00
1.867727417733581419e+00
1.935372774542925667e+00
2.005135845985942300e+00
2.077029969871339699e+00
2.151053627307326632e+00
2.227235012803110870e+00
2.305557603528608279e+00
2.386041429453812146e+00
2.468684088260173048e+00
2.553498034329641619e+00
2.640473436993417078e+00
2.729622750633450501e+00
2.820943572931193355e+00
2.914426073217844415e+00
3.010082705875354314e+00
3.107903640234924936e+00
3.207886473978005082e+00
3.310028804786046219e+00
3.414328230340498038e+00
3.520774919972560646e+00
3.629351614663185455e+00
3.740048483743572127e+00
3.852848268194671189e+00
3.967741137347683633e+00
4.084717260533809124e+00
4.203751950383748159e+00
4.324835376228701733e+00
4.447950279049620370e+00
4.573057114776703180e+00
4.700153481091400742e+00
4.829207262274166190e+00
4.960201199305946496e+00
5.093110604817443487e+00
5.227910791439357219e+00
5.364562215101888576e+00
5.503032760085487141e+00
5.643305167371105213e+00
5.785332464538692321e+00
5.929089964218945852e+00
6.074545550692319829e+00
6.221659679889015138e+00
6.370400236089479584e+00
6.520712818523414889e+00
6.672572739821521992e+00
6.825933027563750422e+00
6.980754137680299287e+00
7.137011382801870418e+00
7.294568650305415680e+00
7.453497821374882371e+00
7.613722210189223460e+00
7.775090847424888985e+00
7.937675614265828905e+00
8.101325541388492368e+00
8.266038226474332617e+00
8.431736983702297294e+00
8.598345127251338482e+00
8.765935257248262502e+00
8.934285715581312459e+00
9.103472697091591570e+00
9.273423829615193625e+00
9.444066740988223074e+00
9.615403342549276644e+00
9.787286978631957624e+00
9.959719560574860964e+00
1.013262871621408934e+01
1.030586778988324426e+01
1.047951297642342183e+01
1.065341762016822713e+01
1.082758363245625333e+01
1.100186435762110371e+01
1.117618742349887917e+01
1.135062902493067760e+01
1.152496822274759936e+01
1.169920692828824649e+01
1.187327276938871279e+01
1.204716765738760387e+01
1.222074493661851768e+01
1.239393223491755336e+01
1.256665718012081356e+01
1.273884740006439387e+01
1.291050480608689988e+01
1.308155702602442183e+01
1.325185740421056835e+01
1.342133356848143499e+01
1.358998743017562383e+01
1.375767233362673458e+01
1.392439019017336754e+01
1.409006862765161650e+01
1.425456099039509006e+01
1.441786918974238496e+01
1.457984657002709561e+01
1.474049504258782761e+01
1.489974223526068187e+01
1.505751577588175572e+01
1.521374329228714650e+01
1.536842669581545984e+01
1.552134504729778897e+01
1.567250025807273772e+01
1.582181995597640345e+01
1.596915748534239121e+01
1.611451475750929774e+01
1.625774511681072099e+01
1.639885047458525946e+01
1.653760989166401885e+01
1.667417384639059463e+01
1.680839568309859189e+01
1.694027836323885694e+01
1.706975476520879553e+01
1.719675881751804525e+01
1.732129873217875726e+01
1.744323415419808398e+01
1.756257329558817304e+01
1.767925008485867266e+01
1.779319845051923465e+01
1.790427803757699721e+01
1.801249705804412216e+01
1.811778944043025064e+01
1.822008911324503444e+01
1.831933000499812181e+01
1.841552032770166392e+01
1.850859400986530545e+01
1.859848497999869821e+01
1.868520145011398625e+01
1.876860306521832911e+01
1.884884660432886250e+01
1.892564314544774362e+01
1.899922375109462180e+01
1.906929949927164003e+01
1.913602716899594824e+01
1.919934068877720179e+01
1.925917398712504536e+01
1.931546099254912718e+01
1.936820991706159489e+01
1.941735468917210383e+01
1.946282923739029158e+01
1.950464177372831642e+01
1.954280051019832243e+01
1.957709080830496262e+01
1.960774373056788278e+01
1.963461892199423531e+01
1.965772459459616073e+01
1.967714324388831670e+01
1.969280879838035148e+01
1.970480375358690850e+01
1.971306203801763957e+01
1.971759186368469585e+01
1.971840144260021788e+01
1.971542470327386454e+01
1.970874414122028284e+01
1.969829368494911392e+01
1.968400726297001668e+01
1.966604165430013396e+01
1.964425650394661460e+01
1.961873430742411273e+01
1.958940899324226947e+01
1.955643734041823834e+01
1.951967868534732631e+01
1.947921398048493558e+01
1.943512386967464067e+01
1.938734042975501026e+01
1.933587002106711239e+01
1.928086757095701387e+01
1.922226515626328336e+01
1.915999485382448597e+01
1.909428587448918790e+01
1.902507029509596492e+01
1.895235447598588152e+01
1.887621906100249802e+01
1.879667041048688958e+01
1.871378916828262717e+01
1.862765597823326758e+01
1.853820291717738655e+01
1.844558491246105447e+01
1.834980832442532872e+01
1.825087951341128445e+01
1.814880483975999326e+01
1.804373923081751130e+01
1.793561476342241789e+01
1.782443779791577043e+01
1.771036326164364638e+01
1.759339751494710669e+01
1.747362120166972232e+01
1.735118924915756011e+01
1.722618230125419103e+01
1.709860671830067957e+01
1.696854314414058607e+01
1.683622078962249091e+01
1.670157173158495922e+01
1.656467661387155488e+01
1.642569036382834469e+01
1.628454505829390087e+01
1.614139562461429023e+01
1.599624842313058259e+01
1.584925838118883767e+01
1.570043185913013062e+01
1.554984950079802530e+01
1.539766623353859032e+01
1.524388841769289904e+01
1.508867098060701295e+01
1.493209456612449770e+01
1.477416553458642490e+01
1.461511309684136606e+01
1.445494361323038213e+01
1.429381201109954169e+01
1.413179893429242107e+01
1.396891074315007586e+01
1.380537455557390736e+01
1.364118626716910576e+01
1.347648824759868980e+01
1.331134858302318058e+01
1.314583535960309213e+01
1.298001666349895089e+01
1.281396058087126733e+01
1.264780948138306371e+01
1.248163145119485939e+01
1.231549457646717194e+01
1.214946694336052069e+01
1.198376520504042375e+01
1.181845744766740047e+01
1.165361175740197197e+01
1.148937050390715164e+01
1.132580177334346239e+01
1.116304793537392115e+01
1.100117707615904905e+01
1.084025728185935833e+01
1.068035663863537543e+01
1.052161751615011553e+01
1.036418228406659736e+01
1.020804474504284087e+01
1.005327298523936363e+01
9.900083657821683758e+00
9.748544848950320585e+00
9.598650361283294075e+00
9.450616847986122337e+00
9.304512395219322940e+00
9.160479372645916385e+00
9.018437299421419695e+00
8.878677112213852141e+00
8.741192613681233681e+00
8.606126173486581266e+00
8.473545877790416014e+00
8.343519812753251941e+00
8.216116064535611940e+00
8.091551286303014123e+00
7.969744997210976400e+00
7.850913850425017770e+00
7.735125932105656688e+00
7.622375044910913999e+00
7.512803558503805768e+00
7.406553842547350719e+00
7.303693983202069973e+00
7.204217783125978158e+00
7.108267611982098444e+00
7.015911555930947507e+00
6.927217701133044692e+00
6.842328417251406947e+00
6.761235696038683685e+00
6.684072852631041783e+00
6.610822824254276142e+00
6.541691398641682476e+00
6.476587229516557187e+00
6.415641821109693055e+00
6.358927250849888857e+00
6.306500739465436212e+00
6.258404650984134676e+00
6.214688777784028950e+00
6.175395483892913262e+00
6.140567133338583616e+00
6.110260946849336072e+00
6.084519288452966634e+00
6.063377093827019060e+00
6.046884155349538936e+00
6.035067980347823990e+00
6.027978361199918922e+00
6.025642805233118793e+00
6.028096248124968248e+00
6.035381053903264181e+00
6.047524729895302542e+00
6.064554783428378393e+00
6.086483865129287629e+00
6.113332053975073954e+00
6.145112000592534152e+00
6.181843783958715477e+00
6.223547483050659856e+00
6.270228320144916268e+00
6.321891517518028358e+00
6.378557154147042496e+00
6.440215595608004051e+00
6.506872064177458448e+00
6.578531782131951999e+00
6.655207400098277937e+00
6.736889283652484295e+00
6.823567798370615556e+00
6.915240738178967561e+00
7.011883611953085627e+00
7.113486785269014234e+00
7.220048052053052778e+00
7.331542921180741246e+00
7.447954329877880753e+00
7.569265215370263533e+00
7.695428801482683490e+00
7.826435453791192209e+00
7.962238396120579154e+00
8.102746282194143390e+00
8.248090616242679474e+00
8.398031484984480599e+00
8.552701505786203029e+00
8.711940614547916795e+00
8.875738427310558620e+00
9.044084560115052795e+00
9.216894345499834884e+00
9.394157399505836281e+00
9.575789054671483669e+00
9.761778927037710218e+00
9.952042349142949718e+00
1.014656893702813001e+01
1.034519973972918017e+01
1.054799865678953630e+01
1.075480673724512393e+01
1.096561359713687800e+01
1.118033456900322875e+01
1.139895926888510580e+01
1.162125446231594239e+01
1.184728404883916575e+01
1.207696336099320966e+01
1.231013344781400498e+01
1.254678392534247955e+01
1.278675584261456777e+01
1.303003881567120104e+01
1.327654817705080781e+01
1.352612497578931894e+01
1.377875882792766937e+01
1.403429078250178641e+01
1.429263617205009851e+01
1.455378461261354417e+01
1.481750286972554775e+01
1.508378055942704243e+01
1.535245873075395906e+01
1.562345271624472964e+01
1.589675213194028558e+01
1.617204945987155185e+01
1.644940859958196810e+01
1.672867060010745988e+01
1.700967651048395624e+01
1.729234166324989630e+01
1.757658139094370142e+01
1.786223674260131133e+01
1.814922305076114739e+01
1.843738136445914932e+01
1.872662701623374559e+01
1.901680105512086527e+01
1.930781881365894037e+01
1.959952134088389997e+01
1.989174968583167669e+01
2.018449346454320548e+01
2.047751944255190892e+01
2.077074656901559280e+01
2.106403397606701589e+01
2.135731869596081012e+01
2.165046347744911870e+01
2.194333106928405641e+01
2.223585850372026940e+01
2.252798281301238248e+01
2.281949246241002882e+01
2.311032448416784391e+01
2.340034162703795317e+01
2.368933235626999689e+01
2.397730798762109572e+01
2.426413126984339286e+01
2.454966495168901375e+01
2.483377178191009094e+01
2.511638879276126346e+01
2.539745301649715259e+01
2.567690148537240091e+01
2.595444838113412800e+01
2.623017930304197876e+01
2.650395699984807152e+01
2.677549565329955072e+01
2.704488086265604352e+01
2.731190109316717951e+01
2.757649337708759774e+01
2.783844617966692425e+01
2.809769653315978744e+01
2.835410718631833404e+01
2.860761517139717824e+01
2.885815752065095552e+01
2.910544841582681030e+01
2.934957345618436619e+01
2.959032110697324924e+01
2.982755411694560621e+01
3.006128380185855420e+01
3.029129862696173348e+01
3.051760990801227180e+01
3.074000611025980945e+01
3.095849854946146706e+01
3.117287569086688492e+01
3.138314885023318723e+01
3.158910649281001781e+01
3.179075993435449732e+01
3.198797192361876540e+01
3.218053092585244457e+01
3.236844825681267679e+01
3.255158666525159106e+01
3.272980889992131637e+01
3.290312627657898759e+01
3.307140154397674081e+01
3.323464842556499121e+01
3.339281599206489659e+01
3.354585572189087372e+01
3.369371909345735361e+01
3.383628330167627496e+01
3.397364839196708175e+01
3.410569155924169138e+01
3.423236428191454905e+01
3.435354375489757217e+01
3.446925574010770532e+01
3.457937743245688722e+01
3.468386031035954176e+01
3.478273013573260641e+01
3.487586410348799859e+01
3.496328797554268419e+01
3.504495323031106579e+01
3.512088562971008798e+01
3.519096236865169658e+01
3.525513492555030126e+01
3.531350334582535311e+01
3.536601910789127601e+01
3.541255940666000868e+01
3.545322428755098088e+01
3.548796522897862360e+01
3.551673370935738205e+01
3.553955549060417951e+01
3.555645633463594635e+01
3.556731343636462128e+01
3.557215255770712758e+01
3.557099946058042406e+01
3.556373133989641389e+01
3.555044824107455526e+01
3.553102735902676557e+01
3.550556873917247458e+01
3.547417242693112627e+01
3.543678990071715873e+01
3.539359548945250111e+01
3.534446638804907082e+01
3.528957692542881830e+01
3.522902714701117333e+01
3.516269424770806751e+01
3.509067827293893771e+01
3.501300498462070721e+01
3.492977442817281997e+01
3.484093808200969988e+01
3.474644742454578505e+01
3.464655106820551822e+01
3.454112620790081678e+01
3.443027288905113181e+01
3.431409115707586466e+01
3.419260489681265369e+01
3.406583048478174902e+01
3.393393098742908620e+01
3.379684662069312395e+01
3.365474045101977651e+01
3.350762697784998778e+01
3.335566926762971462e+01
3.319873325279487375e+01
3.303713056679641369e+01
3.287080142557275764e+01
3.269983461206737019e+01
3.252431890922366620e+01
3.234426881648259666e+01
3.215984740029009714e+01
3.197106916008710797e+01
3.177794859531455884e+01
3.158057448891589303e+01
3.137903562383455380e+01
3.117349506651646962e+01
3.096396731640258793e+01
3.075068972344133655e+01
3.053367678707366650e+01
3.031316585724801271e+01
3.008924571690780425e+01
2.986200514899648439e+01
2.963153293645749642e+01
2.939799214573677233e+01
2.916139727627525247e+01
2.892198567802137532e+01
2.867969756691358185e+01
2.843477029290030700e+01
2.818721835542248044e+01
2.793727910442855844e+01
2.768489275585696774e+01
2.743037094315864977e+01
2.717380244927703714e+01
2.691520177365308442e+01
2.665480626623520877e+01
2.639270470996685702e+01
2.612906017129396830e+01
2.586403571666248880e+01
2.559772012901584404e+01
2.533027647479997668e+01
2.506186782046082584e+01
2.479265723244432706e+01
2.452273349369392363e+01
2.425225967065555110e+01
2.398132454627264565e+01
2.371009118699114637e+01
2.343872265925699239e+01
2.316730284132819051e+01
2.289597027622350822e+01
2.262478431877378782e+01
2.235387860731236032e+01
2.208346106367506678e+01
2.181359104269274596e+01
2.154447646620123535e+01
2.127610240552886722e+01
2.100875106601398912e+01
2.074248180248742912e+01
2.047742825328252181e+01
2.021364977323011658e+01
1.995128000066354446e+01
1.969037829041364418e+01
1.943115256431625326e+01
1.917366217720220689e+01
1.891789220039984443e+01
1.866412483924750276e+01
1.841249373207852713e+01
1.816305823372373851e+01
1.791595198251649279e+01
1.767138290029260972e+01
1.742941034188293870e+01
1.719016794562081785e+01
1.695378934983957819e+01
1.672040819287255786e+01
1.649008382955059915e+01
1.626294989820703663e+01
1.603906575367271259e+01
1.581863931778345389e+01
1.560165566186761055e+01
1.538824842425850825e+01
1.517855124328949223e+01
1.497262347379139769e+01
1.477052447059506335e+01
1.457238787203382557e+01
1.437827303293851955e+01
1.418831359164248873e+01
1.400264318647906769e+01
1.382132117227909340e+01
1.364455547087839982e+01
1.347247972061033217e+01
1.330522755980822502e+01
1.314285834330290825e+01
1.298557999293023180e+01
1.283337758001852436e+01
1.268631045939862645e+01
1.254443798590137682e+01
1.240781951435761421e+01
1.227651439959817203e+01
1.215050472766888312e+01
1.202976064348557372e+01
1.191454644069155577e+01
1.180475499541764606e+01
1.170065060130716539e+01
1.160220041799342461e+01
1.150952017211474399e+01
1.142272559030944024e+01
1.134185811571333069e+01
1.126695919146222380e+01
1.119807026069194755e+01
1.113508419953331163e+01
1.107811673462463631e+01
1.102713502559923597e+01
1.098210623209042680e+01
1.094314608073652551e+01
1.091022173117085003e+01
1.088337462652921594e+01
1.086257192644494118e+01
1.084800364105884185e+01
1.083956264650173473e+01
1.083736466941193299e+01
1.084137686942275991e+01
1.085164068967002571e+01
1.086812328978705011e+01
1.089086611290965045e+01
1.091976203516863997e+01
1.095485249969983954e+01
1.099610466613656179e+01
1.104355997761462405e+01
1.109711131026484665e+01
1.115680010722304338e+01
1.122266781162502980e+01
1.129468158310412385e+01
1.137280858129364347e+01
1.145709024932940068e+01
1.154749374684471874e+01
1.164398623347290851e+01
1.174646058534478854e+01
1.185488396209367679e+01
1.196914923985038826e+01
1.208922357824823912e+01
1.221499985341804972e+01
1.234637094149063152e+01
1.248337828560180363e+01
1.262598904538488220e+01
1.277424466397568459e+01
1.292803801750502757e+01
1.308741054910872670e+01
1.325232941842009815e+01
1.342283844174414753e+01
1.359869379405262713e+01
1.377987687399397743e+01
1.396622051321163305e+01
1.415763182685154042e+01
1.435401793005964066e+01
1.455513737097686722e+01
1.476104583175416529e+01
1.497157614403497128e+01
1.518678398997023038e+01
1.540657648470587482e+01
1.563086074338785458e+01
1.585976673166959827e+01
1.609312728119455471e+01
1.633092379061116262e+01
1.657306337506535954e+01
1.681945314970308658e+01
1.706992594616778192e+01
1.732438887960538665e+01
1.758282334866434482e+01
1.784498790148559166e+01
1.811078965321506828e+01
1.838006143549621285e+01
1.865278464697747296e+01
1.892879211930227612e+01
1.920791668411407471e+01
1.948999117305629980e+01
1.977492270127489959e+01
2.006261838391580454e+01
2.035291105262245992e+01
2.064570782254081038e+01
2.094099009231928576e+01
2.123851641009883551e+01
2.153834245803039238e+01
2.184030106775739810e+01
2.214422507092329795e+01
2.245009586617652531e+01
2.275774628516052545e+01
2.306693487601623360e+01
2.337764303739209382e+01
2.368970360093154071e+01
2.400294939827802310e+01
2.431728754457747144e+01
2.463240230446833223e+01
2.494834936010154181e+01
2.526481297611553956e+01
2.558170026765627370e+01
2.589884406636717529e+01
2.621600292038918667e+01
2.653315822837074833e+01
2.684999995880559354e+01
2.716653802961860009e+01
2.748263949558495156e+01
2.779817141147982440e+01
2.811300083207839862e+01
2.842714337916083878e+01
2.874031754049733678e+01
2.905246465436555781e+01
2.936360034254568419e+01
2.967351737631038588e+01
2.998208281043485712e+01
3.028923798319675242e+01
3.059492423287376184e+01
3.089893433073855533e+01
3.120120961506881585e+01
3.150169142414221213e+01
3.180009824572893251e+01
3.209644570160914157e+01
3.239052656305553057e+01
3.268228216834575761e+01
3.297150528875250330e+01
3.325813726255346126e+01
3.354211942802629665e+01
3.382331883994617527e+01
3.410152826958579197e+01
3.437676333872531842e+01
3.464881681863742813e+01
3.491770433110229988e+01
3.518321864739259297e+01
3.544522682228352295e+01
3.570367019405273368e+01
3.595841581747541937e+01
3.620940503082923101e+01
3.645635632188437825e+01
3.669928531242101855e+01
3.693798477371183964e+01
3.717247032753699898e+01
3.740260902867169790e+01
3.762826793189109509e+01
3.784923980846787117e+01
3.806561456368471852e+01
3.827718496881427512e+01
3.848381807863176363e+01
3.868552951491733438e+01
3.888218633244616740e+01
3.907372986949594917e+01
3.925995289733933902e+01
3.944094532125902930e+01
3.961657419603018582e+01
3.978670657642799569e+01
3.995121300948555643e+01
4.011012657827272676e+01
4.026333529111226994e+01
4.041080143982947703e+01
4.055241303274711129e+01
4.068813236169046377e+01
4.081792171848480422e+01
4.094181767845790176e+01
4.105970824993255519e+01
4.117170429173902590e+01
4.127761952869759909e+01
4.137756481963853616e+01
4.147150245638714239e+01
4.155932044726617391e+01
4.164112965110591347e+01
4.171674379272663913e+01
4.178619944745612713e+01
4.184945890711965433e+01
4.190648446354251178e+01
4.195716412504744852e+01
4.200168303396727509e+01
4.203985491512224115e+01
4.207171634384014425e+01
4.209737817895124579e+01
4.211665414527583096e+01
4.212972938514668186e+01
4.213641762338406949e+01
4.213690400232077593e+01
4.213115081378207805e+01
4.211904606609073198e+01
4.210084918508205476e+01
4.207637389557628893e+01
4.204580533990623081e+01
4.200903152639465077e+01
4.196608903036933924e+01
4.191701442715805115e+01
4.186184429208858404e+01
4.180046663348370828e+01
4.173306659367619176e+01
4.165945789748631967e+01
4.157975140374437473e+01
4.149405797128063256e+01
4.140226560841786352e+01
4.130455945748885682e+01
4.120097609382137449e+01
4.109155209274319986e+01
4.097624974607961690e+01
4.085517991266090121e+01
4.072845345131732131e+01
4.059603265387416826e+01
4.045795164244375286e+01
4.031423472627661653e+01
4.016490376140782104e+01
4.000998060387244948e+01
3.984948710970557073e+01
3.968359370194725244e+01
3.951247080363758357e+01
3.933628883781662466e+01
3.915521822752446468e+01
3.896950367930366355e+01
3.877916704918929724e+01
3.858445304372394702e+01
3.838530923544018236e+01
3.818175748037307926e+01
3.797367106755271493e+01
3.776114613651665053e+01
3.754398169279247810e+01
3.732219959241525942e+01
3.709589597492256985e+01
3.686501841284698600e+01
3.662996017973607366e+01
3.639074313162492302e+01
3.614761197505610113e+01
3.590073713306968273e+01
3.565036331220824195e+01
3.539658665200933996e+01
3.513950329201056633e+01
3.487920937174949643e+01
3.461580103076369141e+01
3.434930012508823438e+01
3.407987707776321429e+01
3.380755374482367159e+01
3.353242626580719588e+01
3.325459078025136961e+01
3.297429199469875272e+01
3.269162604868693478e+01
3.240676336525598344e+01
3.211987436744596636e+01
3.183112947829696182e+01
3.154055055384404938e+01
3.124838230062979605e+01
3.095449800768428261e+01
3.065906809804756961e+01
3.036211442775475433e+01
3.006358456933838497e+01
2.976372322934105696e+01
2.946240369679282622e+01
2.915987067823628465e+01
2.885644316371649509e+01
2.855229157627353231e+01
2.824765468375372279e+01
2.794259893221337521e+01
2.763748196302255877e+01
2.733243856704383745e+01
2.702752925163727227e+01
2.672281452416292069e+01
2.641842917548335734e+01
2.611443371295864324e+01
2.581088864394883586e+01
2.550792875931649206e+01
2.520561456642169773e+01
2.490408085612699907e+01
2.460331385228995771e+01
2.430352262927564766e+01
2.400476769444413350e+01
2.370710955515546203e+01
2.341068300227220789e+01
2.311562282665693147e+01
2.282198953566970800e+01
2.252991792017307660e+01
2.223946848752713024e+01
2.195085031209690740e+01
2.166412390124247622e+01
2.137942404582641132e+01
2.109688553671127309e+01
2.081656888125711191e+01
2.053853458682400301e+01
2.026299172777701330e+01
1.999000081147619312e+01
1.971962234528161062e+01
1.945206540355833624e+01
1.918731621016392452e+01
1.892550955596094653e+01
1.866678023181195556e+01
1.841118874507702685e+01
1.815879560311621432e+01
1.790966131328958255e+01
1.766399494996219843e+01
1.742185702049412654e+01
1.718323374874292497e+01
1.694833420907366062e+01
1.671721890884639450e+01
1.649002263892369058e+01
1.626680590666561699e+01
1.604770350293472703e+01
1.583277593509109593e+01
1.562215799399727700e+01
1.541583590351083721e+01
1.521401873799684346e+01
1.501669272131285204e+01
1.482384033190361095e+01
1.463565191707009561e+01
1.445216551169545127e+01
1.427341915066283029e+01
1.409937658535288918e+01
1.393015013415127612e+01
1.376577783194113991e+01
1.360629771360564000e+01
1.345182209753042102e+01
1.330231473509613949e+01
1.315788794468844181e+01
1.301843119418548689e+01
1.288413108547542407e+01
1.275502565344140216e+01
1.263100436596157650e+01
1.251225382492409288e+01
1.239866349820711022e+01
1.229034570419628025e+01
1.218733847777475177e+01
1.208953128682067302e+01
1.199711073322220223e+01
1.190996628485748943e+01
1.182813597660968519e+01
1.175173212686444124e+01
1.168064420349991117e+01
1.161491024139924377e+01
1.155456827544559673e+01
1.149965634052211172e+01
1.145013818800945415e+01
1.140597756928826456e+01
1.136721251924169707e+01
1.133388107275290757e+01
1.130594698120254371e+01
1.128337399597125845e+01
1.126612586843970654e+01
1.125424063349103498e+01
1.124768204250589854e+01
1.124641384686494838e+01
1.125039979794883571e+01
1.125967793064071287e+01
1.127413771281873167e+01
1.129381717936604446e+01
1.131868008166330419e+01
1.134869017109115852e+01
1.138381119903026217e+01
1.142400691686126635e+01
1.146924107596482401e+01
1.151947742772158456e+01
1.157460544000969982e+01
1.163458886420982630e+01
1.169946779654161695e+01
1.176914201156576034e+01
1.184358762868194859e+01
1.192278076728987024e+01
1.200654897978422220e+01
1.209501695256969533e+01
1.218801223804097944e+01
1.228558523910026956e+01
1.238756350814225549e+01
1.249399744806913048e+01
1.260478889477808728e+01
1.271983968416631683e+01
1.283912593563351301e+01
1.296262376857936616e+01
1.309016073539856784e+01
1.322178723899331487e+01
1.335733083175829172e+01
1.349676763309319760e+01
1.364007376239771929e+01
1.378700248856405430e+01
1.393767849799689351e+01
1.409192934309092493e+01
1.424965685974334306e+01
1.441083716735384357e+01
1.457537210181961029e+01
1.474308921553534368e+01
1.491396462790073407e+01
1.508797445831546824e+01
1.526494625917424486e+01
1.544478186637425132e+01
1.562738311581268746e+01
1.581272612688923473e+01
1.600063845199859358e+01
1.619109621054045078e+01
1.638385267140700208e+01
1.657895823750044073e+01
1.677624046121545121e+01
1.697560117844923511e+01
1.717694222509897628e+01
1.738016543706187633e+01
1.758509836673262328e+01
1.779171713351090389e+01
1.799992357329391268e+01
1.820947095497384538e+01
1.842033539795039943e+01
1.863241873812075156e+01
1.884562281138210338e+01
1.905970088662664708e+01
1.927470336675657592e+01
1.949038352066407853e+01
1.970672321001030625e+01
1.992357869849724850e+01
2.014081199208834860e+01
2.035850794725455515e+01
2.057638000295430913e+01
2.079451301565855914e+01
2.101262042432575683e+01
2.123086136892933595e+01
2.144894928842775172e+01
2.166689475578944268e+01
2.188455977697785926e+01
2.210188064145895126e+01
2.231879363869865429e+01
2.253523505816292172e+01
2.275099262231269392e+01
2.296607690411642011e+01
2.318034990953755070e+01
2.339374792804202130e+01
2.360613296559328589e+01
2.381744131165728362e+01
2.402753497219746492e+01
2.423642452018227544e+01
2.444389767807265557e+01
2.464996501883706514e+01
2.485448854843892974e+01
2.505740455634420982e+01
2.525857504851634161e+01
2.545801059792378140e+01
2.565557321052996542e+01
2.585119917580084703e+01
2.604475049969986955e+01
2.623623775519547152e+01
2.642537438124611171e+01
2.661224523432272449e+01
2.679671232038875672e+01
2.697871192891016534e+01
2.715803178234788362e+01
2.733475673717286369e+01
2.750867451584604595e+01
2.767972140783338020e+01
2.784790798610331208e+01
2.801309625661928848e+01
2.817514822534474916e+01
2.833407446524815398e+01
2.848966269879043267e+01
2.864199778244253736e+01
2.879086743866541553e+01
2.893628224042750574e+01
2.907802991018976257e+01
2.921612102092062813e+01
2.935056997185736449e+01
2.948118361680499433e+01
2.960799548634486555e+01
2.973103911105831543e+01
2.985019945452167889e+01
2.996543576381381158e+01
3.007670728601355137e+01
3.018412183520473491e+01
3.028741580795869837e+01
3.038677130186179198e+01
3.048199899698785842e+01
3.057305814041573200e+01
3.065998226272676064e+01
3.074280489450228515e+01
3.082133671581613754e+01
3.089561125724967283e+01
3.096566204938423184e+01
3.103144833929863822e+01
3.109292937407175117e+01
3.115013868428491151e+01
3.120296123351445416e+01
3.125143055234171996e+01
3.129550588784555387e+01
3.133522077060730027e+01
3.137060873120829640e+01
3.140155473322487722e+01
3.142816659074090069e+01
3.145032926733269463e+01
3.146800201007910402e+01
3.148136691656647557e+01
3.149016038336614898e+01
3.149456450806445673e+01
3.149453853774024736e+01
3.148996743596985937e+01
3.148095901683714715e+01
3.146747252742093437e+01
3.144961578180506123e+01
3.142727374356589110e+01
3.140055422678724995e+01
3.136949076205047504e+01
3.133404259643442558e+01
3.129431754402292398e+01
3.125034913539732173e+01
3.120202233413396087e+01
3.114944495431667093e+01
3.109265052652680694e+01
3.103159829784321744e+01
3.096639608234971774e+01
3.089692884362267478e+01
3.082337867924841035e+01
3.074562900124460896e+01
3.066392843290673298e+01
3.057815262845909388e+01
3.048832580913097701e+01
3.039462076315668781e+01
3.029698742826303359e+01
3.019545002567930325e+01
3.009010706013730996e+01
2.998090846936384324e+01
2.986795275809071271e+01
2.975126414754720372e+01
2.963086685896263361e+01
2.950678511356628775e+01
2.937911741608997929e+01
2.924796227126550008e+01
2.911326961681964320e+01
2.897528652448922770e+01
2.883388864849854372e+01
2.868932306058438542e+01
2.854153969847356009e+01
2.839063706689787026e+01
2.823671367058910775e+01
2.807979373077658636e+01
2.791997575219208727e+01
2.775720967256242488e+01
2.759166828012189399e+01
2.742337579609979414e+01
2.725235644172542493e+01
2.707878300523309534e+01
2.690267970785209783e+01
2.672414505431422782e+01
2.654320326584879552e+01
2.635995284718759279e+01
2.617456658656493218e+01
2.598699442170759966e+01
2.579740914084989711e+01
2.560583496522113478e+01
2.541244468305560034e+01
2.521718823208010463e+01
2.502031268403144537e+01
2.482169369313391272e+01
2.462165261462682508e+01
2.442006510273446196e+01
2.421717822919363527e+01
2.401294193173114522e+01
2.380752899858129368e+01
2.360096365097337312e+01
2.339334439363918960e+01
2.318484401481304502e+01
2.297556101922673122e+01
2.276551445876327051e+01
2.255485127492556785e+01
2.234356467286523440e+01
2.213194499174388952e+01
2.191983686970814915e+01
2.170745636241713683e+01
2.149487095852495600e+01
2.128199957968074330e+01
2.106905828154359739e+01
2.085611455276765369e+01
2.064316159850451626e+01
2.043026690740830986e+01
2.021757225163564442e+01
2.000507083633814887e+01
1.979290443367243313e+01
1.958114053229261131e+01
1.936984662085280817e+01
1.915901590450463843e+01
1.894886443890721850e+01
1.873945971271466959e+01
1.853072064757610704e+01
1.832293758265314665e+01
1.811602943959490730e+01
1.791013799055800959e+01
1.770533072419656406e+01
1.750174941266719841e+01
1.729931297761901732e+01
1.709823747471114785e+01
1.689851610909520474e+01
1.670029065292780146e+01
1.650348002785806756e+01
1.630830028954511235e+01
1.611474464314054700e+01
1.592288057729849804e+01
1.573284986417558251e+01
1.554471999242591096e+01
1.535855845070361170e+01
1.517443272766279350e+01
1.499241031195757579e+01
1.481263297574458271e+01
1.463509392417542365e+01
1.445993492940671565e+01
1.428714919659008054e+01
1.411680421437963773e+01
1.394904175493199894e+01
1.378378073989628483e+01
1.362123722493161360e+01
1.346140441518960174e+01
1.330434979932436335e+01
1.315014086599002496e+01
1.299884133526122376e+01
1.285049985289473362e+01
1.270508701256535034e+01
1.256272197495287024e+01
1.242344961723459384e+01
1.228731481658781810e+01
1.215421388318483586e+01
1.202434026120794819e+01
1.189759026082945148e+01
1.177408304272914563e+01
1.165378920058182466e+01
1.153682789506729023e+01
1.142316971986033636e+01
1.131285955213826178e+01
1.120586798557586228e+01
1.110231418085293598e+01
1.100216873164428399e+01
1.090547651512719973e+01
1.081228240847898014e+01
1.072255700537442813e+01
1.063634518299083354e+01
1.055369181850549865e+01
1.047449322209072164e+01
1.039894283792879648e+01
1.032693697619202311e+01
1.025852051405770027e+01
1.019366404520062197e+01
1.013241244679808517e+01
1.007473631252489099e+01
1.002068051955833639e+01
9.970289945075718308e+00
9.923535182751832551e+00
9.880386826261476685e+00
9.840815469279450056e+00
9.804940272485549002e+00
9.772657546052073485e+00
9.743937883653815746e+00
9.718900445970579227e+00
9.697515826677156170e+00
9.679680335945846537e+00
9.665438850953947281e+00
9.654761965376257749e+00
9.647620272887571957e+00
9.644058650665192189e+00
9.644047692383910686e+00
9.647557991718526793e+00
9.654560142343839857e+00
9.665024737934645671e+00
9.678996655668241189e+00
9.696372205716924597e+00
9.717197219656187102e+00
9.741372779649282165e+00
9.768949489262665153e+00
9.799903668560277836e+00
9.834137354103576811e+00
9.871701149459012115e+00
9.912571374690529069e+00
9.956575782857081336e+00
1.000383926102761301e+01
1.005433812926608006e+01
1.010790014063142728e+01
1.016457589869010647e+01
1.022434172350607184e+01
1.028709965164076401e+01
1.035290028666064011e+01
1.042164566512714607e+01
1.049323782360173496e+01
1.056780164915335085e+01
1.064509061133844803e+01
1.072522959722597236e+01
1.080804635987487750e+01
1.089359150285161348e+01
1.098169277921512865e+01
1.107247507603436887e+01
1.116569186286579018e+01
1.126146802677833847e+01
1.135963132083096561e+01
1.146008378158511753e+01
1.156295029610974723e+01
1.166798433396130363e+01
1.177531078220873795e+01
1.188468311040849734e+01
1.199615192212703185e+01
1.210961925392579275e+01
1.222506142586872713e+01
1.234230619101478865e+01
1.246140415293042381e+01
1.258225734817708208e+01
1.270476781331621652e+01
1.282891186841177245e+01
1.295451726652270352e+01
1.308163461121545623e+01
1.321016593905148362e+01
1.333993900308973224e+01
1.347100440689665213e+01
1.360326418703369455e+01
1.373654609655980963e+01
1.387090073904144205e+01
1.400615586753755082e+01
1.414228780211207948e+01
1.427920296624251328e+01
1.441682533107049125e+01
1.455515753815618574e+01
1.469405366205477392e+01
1.483359062782892579e+01
1.497354822653131201e+01
1.511400338322461145e+01
1.525488445596649356e+01
1.539604551931213372e+01
1.553748921482170431e+01
1.567914390055288010e+01
1.582101221806583524e+01
1.596294824191573802e+01
1.610488033016027032e+01
1.624688540786209501e+01
1.638881754957639458e+01
1.653060511336083493e+01
1.667217645727309971e+01
1.681353422287335420e+01
1.695453248471677199e+01
1.709517388436352903e+01
1.723546106337379413e+01
1.737517381280024864e+01
1.751431477420306493e+01
1.765281230563990533e+01
1.779066904867095644e+01
1.792781336135388770e+01
1.806409931824386561e+01
1.819952956090107321e+01
1.833403244738317994e+01
1.846753633574785880e+01
1.860004386755528216e+01
1.873133483385812426e+01
1.886148615971906040e+01
1.899042620319576358e+01
1.911800903884340741e+01
1.924416302471966489e+01
1.936896508588720422e+01
1.949219501339870320e+01
1.961392973231683712e+01
1.973402331719677605e+01
1.985247840959869947e+01
1.996914908407777034e+01
2.008411226569667107e+01
2.019714774550806879e+01
2.030825816507214299e+01
2.041744616594906248e+01
2.052464010619650381e+01
2.062969406036964060e+01
2.073261067002864166e+01
2.083332185871465825e+01
2.093177381190272257e+01
2.102799056405385514e+01
2.112192186612655576e+01
2.121344318557684261e+01
2.130265284036822138e+01
2.138950058145920963e+01
2.147386187630581134e+01
2.155583504287154284e+01
2.163529554861241166e+01
2.171226742798943121e+01
2.178670043196111195e+01
2.185861859498845661e+01
2.192797166802998632e+01
2.199470940204420799e+01
2.205878154798963919e+01
2.212028642382977850e+01
2.217909949702064409e+01
2.223517051852074644e+01
2.228859780629359477e+01
2.233918254429270434e+01
2.238709733398407664e+01
2.243221764282373343e+01
2.247449322177018161e+01
2.251402238878692685e+01
2.255075489483248674e+01
2.258464049086536818e+01
2.261577749484908395e+01
2.264404137423964158e+01
2.266945616349805803e+01
2.269204589708534314e+01
2.271183460946249966e+01
2.272869776808555287e+01
2.274273369091799779e+01
2.275381784541585262e+01
2.276204854954263013e+01
2.276737555425683723e+01
2.276974861051699150e+01
2.276926603628659507e+01
2.276587758252416549e+01
2.275960728369070907e+01
2.275040489074473982e+01
2.273829443814726758e+01
2.272329996035929867e+01
2.270537120833935063e+01
2.268460650005093626e+01
2.266095558645255892e+01
2.263444250200523200e+01
2.260509128116996536e+01
2.257285167490527300e+01
2.253782165460289377e+01
2.249994923836248262e+01
2.245918209771192764e+01
2.241569075468660799e+01
2.236934859731191594e+01
2.232025186412073126e+01
2.226834822664094204e+01
2.221365963990293224e+01
2.215620805893708578e+01
2.209608972227628954e+01
2.203340086845342327e+01
2.196801488549388637e+01
2.190002801193054793e+01
2.182953648629629839e+01
2.175656226362152879e+01
2.168105301543411301e+01
2.160303069676444565e+01
2.152259154614540648e+01
2.143968323510488716e+01
2.135447628567826683e+01
2.126676980238843129e+01
2.117680859077326616e+01
2.108454032236065601e+01
2.098998695218099186e+01
2.089324471876714640e+01
2.079440986065201713e+01
2.069335576586097858e+01
2.059025295642942766e+01
2.048512338738773764e+01
2.037791473026380373e+01
2.026879750709300154e+01
2.015771938940322983e+01
2.004477661572735414e+01
1.992999114109577619e+01
1.981331063703637341e+01
1.969490562558453206e+01
1.957487234527313902e+01
1.945308418412757945e+01
1.932971166418323605e+01
1.920485102397299570e+01
1.907852421852723879e+01
1.895075320287636345e+01
1.882163421555323879e+01
1.869126349509075524e+01
1.855958871301680446e+01
1.842663182436176683e+01
1.829263763466352444e+01
1.815747953194746600e+01
1.802125375474647484e+01
1.788398225809093844e+01
1.774583208509611509e+01
1.760680779619174530e+01
1.746691047288746290e+01
1.732614119669288399e+01
1.718464961612262698e+01
1.704243681268632216e+01
1.689957815139608144e+01
1.675600043025903219e+01
1.661185329778978925e+01
1.646721211900048232e+01
1.632200369189823164e+01
1.617637766499765561e+01
1.603033511980837744e+01
1.588395142134251969e+01
1.573722765110970201e+01
1.559016489061954758e+01
1.544298707188917597e+01
1.529554670942321337e+01
1.514791916823377349e+01
1.500025409683548716e+01
1.485247829323546931e+01
1.470474140594834189e+01
1.455704451648372988e+01
1.440946298985375407e+01
1.426207219107053703e+01
1.411494748514619424e+01
1.396816423709285537e+01
1.382164924491764069e+01
1.367555215713516859e+01
1.352994833875755631e+01
1.338476458779193479e+01
1.324015055275291886e+01
1.309610731515013349e+01
1.295263595649320187e+01
1.280988612529674597e+01
1.266785890307038009e+01
1.252655537132373098e+01
1.238612517857142059e+01
1.224649512282057096e+01
1.210788913608830519e+01
1.197023401638173823e+01
1.183360512871299441e+01
1.169800355459169872e+01
1.156357894253247309e+01
1.143033237404493363e+01
1.129819064713620413e+01
1.116737769382341128e+01
1.103782031211367176e+01
1.090959386701910638e+01
1.078284800705433710e+01
1.065743204629817420e+01
1.053355391463866120e+01
1.041126977453302516e+01
1.029041293793100209e+01
1.017126241779732254e+01
1.005365152608171542e+01
9.937636425241414884e+00
9.823347561236147385e+00
9.710692529518142990e+00
9.599801776047137025e+00
9.490582896275357783e+00
9.383092052660039428e+00
9.277385407658405470e+00
9.173444840225194241e+00
9.071326512817632803e+00
8.971086587892951769e+00
8.872706944405884144e+00
8.776169461311161157e+00
8.681530301066009869e+00
8.588771342625165062e+00
8.498023031948353179e+00
8.409192964487809618e+00
8.322411586203262601e+00
8.237586492546942196e+00
8.154773845976082569e+00
8.073955525445413173e+00
7.995261976914664004e+00
7.918526512333564860e+00
7.843953861164348673e+00
7.771451618859246402e+00
7.701001664372986610e+00
7.632660160162802576e+00
7.566483268685922248e+00
7.502378585394580135e+00
7.440402272746004186e+00
7.380610493197425015e+00
7.322985125703578291e+00
7.267508049219188138e+00
7.214235426201487833e+00
7.163149135605213047e+00
7.114231056385087015e+00
7.067537350998343904e+00
7.022975614897214669e+00
6.980676294041431085e+00
6.940546983883222332e+00
6.902643846879820799e+00
6.866874478483455668e+00
6.833369324653857824e+00
6.802035980843260887e+00
6.772856326006391647e+00
6.745886362912837164e+00
6.721107172079098468e+00
6.698499674334029486e+00
6.678044790506486805e+00
6.659797724927826401e+00
6.643665114924401038e+00
6.629702164827566691e+00
6.617815511963678787e+00
6.608104930765591689e+00
6.600484486909912185e+00
6.594949957925993367e+00
6.591497121343191878e+00
6.590106897990360757e+00
6.590760208696358369e+00
6.593452830990536917e+00
6.598165685701753880e+00
6.604872265308612711e+00
6.613568347340467390e+00
6.624227424275925813e+00
6.636830416943842792e+00
6.651358246173070476e+00
6.667776976091968955e+00
6.686067527529388599e+00
6.706210821314185999e+00
6.728180349924966386e+00
6.751957034190586349e+00
6.777506938239397982e+00
6.804803554550009181e+00
6.833820375601024288e+00
6.864530893871049422e+00
6.896901173488436676e+00
6.930912135282043529e+00
6.966529843380223852e+00
7.003712933561085485e+00
7.042442326653479689e+00
7.082676658435513417e+00
7.124381993035543204e+00
7.167531822932171615e+00
7.212084783903505603e+00
7.258006940077897262e+00
7.305271783933956264e+00
7.353823094549285955e+00
7.403634364402490675e+00
7.454656800921423354e+00
7.506871324934944134e+00
7.560221715520654584e+00
7.614674036806912127e+00
7.670179496221568805e+00
7.726711586243231622e+00
7.784214085949507478e+00
7.842655653169869012e+00
7.902007892188020577e+00
7.962237572638540151e+00
8.023318892506249966e+00
8.085218621425729779e+00
8.147910957381798269e+00
8.211362670009036080e+00
8.275540528942018526e+00
8.340418732165565174e+00
8.405964049314256670e+00
8.472143250022664773e+00
8.538915675575120545e+00
8.606262952306687808e+00
8.674144421501704727e+00
8.742526852794739511e+00
8.811377015820365699e+00
8.880661680213165710e+00
8.950347615607707752e+00
9.020394163288319334e+00
9.090768092889577545e+00
9.161399032294802680e+00
9.232342891341575708e+00
9.303499584512220366e+00
9.374791311339809141e+00
9.446214554859919232e+00
9.517840081610625447e+00
9.589441524120001503e+00
9.661089648926127538e+00
9.732780939064571868e+00
9.804437594068415862e+00
9.875981813470730231e+00
9.947410080307090396e+00
1.001864459411057595e+01
1.008975612141925815e+01
1.016059257826371542e+01
1.023115044767951609e+01
1.030142621270224268e+01
1.037134207286496768e+01
1.044089451120326650e+01
1.051000572725021343e+01
1.057867220404138564e+01
1.064674185760735625e+01
1.071435973798870300e+01
1.078137376121599722e+01
1.084770612682231850e+01
1.091342760134573808e+01
1.097846038431933380e+01
1.104272667527617813e+01
1.110622295725185005e+01
1.116887142977942204e+01
1.123067129233016814e+01
1.129155832661564496e+01
1.135161959778811003e+01
1.141064503698982335e+01
1.146879599287553653e+01
1.152593668009000893e+01
1.158215416378549456e+01
1.163731265860675279e+01
1.169142494620353823e+01
1.174450380822560902e+01
1.179656202632271800e+01
1.184746381513962632e+01
1.189729623982858620e+01
1.194607208203935755e+01
1.199358127291419507e+01
1.203998516110785566e+01
1.208522224476759455e+01
1.212923102204066872e+01
1.217202427457683456e+01
1.221361478402585199e+01
1.225394104853497090e+01
1.229301584975395301e+01
1.233085196933255467e+01
1.236731362191552996e+01
1.240248787265513464e+01
1.243631321969862924e+01
1.246887672819826598e+01
1.250004261279880069e+01
1.252982365514999685e+01
1.255830692040410490e+01
1.258528233970337951e+01
1.261091126170258292e+01
1.263513218454896858e+01
1.265795788989229287e+01
1.267925259237731161e+01
1.269910335715628236e+01
1.271752296587896147e+01
1.273444991669260773e+01
1.274989699124697218e+01
1.276387697119181652e+01
1.277632835467439421e+01
1.278726392334446160e+01
1.279669645885177687e+01
1.280463874284609638e+01
1.281110355697717473e+01
1.281602939939227070e+01
1.281942905174113712e+01
1.282124101217103629e+01
1.282155234583421866e+01
1.282030155087794299e+01
1.281750189630965231e+01
1.281309431706502089e+01
1.280724308594491312e+01
1.279974105823769470e+01
1.279075250674422293e+01
1.278021885375786226e+01
1.276815580507447834e+01
1.275457906648992967e+01
1.273950434380008012e+01
1.272287305929829238e+01
1.270470091878043029e+01
1.268507791154485531e+01
1.266394545988492837e+01
1.264131926959651508e+01
1.261721504647547576e+01
1.259157421281517308e+01
1.256456104141647323e+01
1.253604267107023418e+01
1.250618337457732032e+01
1.247485029072859319e+01
1.244213340882241603e+01
1.240797415115215507e+01
1.237253679051866762e+01
1.233576274921531812e+01
1.229759344953546929e+01
1.225811888077748435e+01
1.221735474873722538e+01
1.217531675921055445e+01
1.213194633449083426e+01
1.208733346387642804e+01
1.204149385316319787e+01
1.199451749164950698e+01
1.194627151812621690e+01
1.189684592189168910e+01
1.184625640874179098e+01
1.179451868447237928e+01
1.174172273838181901e+01
1.168780999276347465e+01
1.163287043691570766e+01
1.157684549313187894e+01
1.151982515071035351e+01
1.146182511544699167e+01
1.140286109313765550e+01
1.134294878957821240e+01
1.128210391056451734e+01
1.122034216189244127e+01
1.115775353286034033e+01
1.109427944576158076e+01
1.103000988989452402e+01
1.096488628755253103e+01
1.089899680446779229e+01
1.083234802860530088e+01
1.076501900786637300e+01
1.069701450664982723e+01
1.062826500585198275e+01
1.055884955337415931e+01
1.048884719711767310e+01
1.041826270148134270e+01
1.034710083086398669e+01
1.027529206616192425e+01
1.020298973877897097e+01
1.013019861311394898e+01
1.005684917006317391e+01
9.983020457527963742e+00
9.908717239907140595e+00
9.834018565102018883e+00
9.758854914008916026e+00
9.683379618031654701e+00
9.607448874564051167e+00
9.531290298512423931e+00
9.454834370773090413e+00
9.378085855744869193e+00
9.301049517826578850e+00
9.223804404919539124e+00
9.146355281422566819e+00
9.068781195236979897e+00
8.991012627259097556e+00
8.913054341887734822e+00
8.835133954029215531e+00
8.757033377574856559e+00
8.678980227430974637e+00
8.600904984493888961e+00
8.522812413162414558e+00
8.444855844840374104e+00
8.366965760424086795e+00
8.289146924312365883e+00
8.211552667909034042e+00
8.134113472110406917e+00
8.056908384817804247e+00
7.979867886927545229e+00
7.903145309843447208e+00
7.826671134461826718e+00
7.750524408684004385e+00
7.674784180411298173e+00
7.599380930540026391e+00
7.524319423469004064e+00
7.449752990602056535e+00
7.375686396337995276e+00
7.302050121573143926e+00
7.228923214208815118e+00
7.156382515468390437e+00
7.084421756360969269e+00
7.013032461217719948e+00
6.942206154369800153e+00
6.872082927153371656e+00
6.802505736894601363e+00
6.733614674929646604e+00
6.665401265589672164e+00
6.597857033205839272e+00
6.531047785611811207e+00
6.464890763636248039e+00
6.399451775112815710e+00
6.334722344372675451e+00
6.270768279249485211e+00
6.207581104074412437e+00
6.145226626681117743e+00
6.083622087898262087e+00
6.022833295559507860e+00
5.962926057498519228e+00
5.903817614543958037e+00
5.845648058031985173e+00
5.788290058689762319e+00
5.731861422802705164e+00
5.676338818001472220e+00
5.621728625317727435e+00
5.568052082483633036e+00
5.515315570530852085e+00
5.463532898841295449e+00
5.412710448446623523e+00
5.362869457079002089e+00
5.314023734120342901e+00
5.266172232252057661e+00
5.219343617556557291e+00
5.173544271065505740e+00
5.128788002160813875e+00
5.085073763523895174e+00
5.042407936186411810e+00
5.000811757880525121e+00
4.960284181287647698e+00
4.920839015789692183e+00
4.882475214068070279e+00
4.845206585504695518e+00
4.809046939481478766e+00
4.774002657030081309e+00
4.740080119182167984e+00
4.707285706969400074e+00
4.675625801423438865e+00
4.645121640276449249e+00
4.615764747859588013e+00
4.587568933554773132e+00
4.560525059619037869e+00
4.534636196713407230e+00
4.509912181775031392e+00
4.486340566690309117e+00
4.463923760046141886e+00
4.442656742079177157e+00
4.422549349726564216e+00
4.403589134874701827e+00
4.385771077760241887e+00
4.369105015320329244e+00
4.353578499441367100e+00
4.339193938710253384e+00
4.325938885013387747e+00
4.313823175287918588e+00
4.302826933069995086e+00
4.292952566946517834e+00
4.284195057154134290e+00
4.276541955579245879e+00
4.269988242458501837e+00
4.264536326378798314e+00
4.260166330876287155e+00
4.256873236187618481e+00
4.254644594199188390e+00
4.253482813497898363e+00
4.253375445970147162e+00
4.254302615152085743e+00
4.256266729630611145e+00
4.259247912941872549e+00
4.263248573672770547e+00
4.268241407009203847e+00
4.274228821538072154e+00
4.281198369145774230e+00
4.289130173368458365e+00
4.298026642793026042e+00
4.307853044255125496e+00
4.318611786341655545e+00
4.330282992588766255e+00
4.342846786532605918e+00
4.356298148409824655e+00
4.370617201756571646e+00
4.385791498459246540e+00
4.401801162053996741e+00
4.418626316076974092e+00
4.436254512414575579e+00
4.454673302953202629e+00
4.473855382878752174e+00
4.493788304077624751e+00
4.514459618436220900e+00
4.535834592790187969e+00
4.557908207376175191e+00
4.580661779912584386e+00
4.604066548146322546e+00
4.628124657407543197e+00
4.652823396325907801e+00
4.678142625180820247e+00
4.704062204251690638e+00
4.730584278868674275e+00
4.757681280960929904e+00
4.785340499158115435e+00
4.813549222089885227e+00
4.842294738385899855e+00
4.871556908325564983e+00
4.901323020538538522e+00
4.931572935304227023e+00
4.962286512902037927e+00
4.993451041961630921e+00
5.025053811112660362e+00
5.057067252284284997e+00
5.089478654106160960e+00
5.122267876857697466e+00
5.155422209168551539e+00
5.188914082967878372e+00
5.222738215235588122e+00
5.256859609550587287e+00
5.291265554542531113e+00
5.325943338841078400e+00
5.360865394375388782e+00
5.396011581424867032e+00
5.431361760268918815e+00
5.466895791186955122e+00
5.502593534458382507e+00
5.538442278712857103e+00
5.574407027529287184e+00
5.610482497887578468e+00
5.646633693366639228e+00
5.682840474245878681e+00
5.719090129154951185e+00
5.755362518373265956e+00
5.791622645479730380e+00
5.827865227454250174e+00
5.864055267875734501e+00
5.900180055373840382e+00
5.936204593527474316e+00
5.972123599316542908e+00
6.007902076319956208e+00
6.043512456466869409e+00
6.078949456737190893e+00
6.114178080709827157e+00
6.149178188664185640e+00
6.183929640879673784e+00
6.218406599831897807e+00
6.252597578532507860e+00
6.286485392189351984e+00
6.320060284360527803e+00
6.353319926954383412e+00
6.386232278478268576e+00
6.418802439190780085e+00
6.451013224299765980e+00
6.482854877363327439e+00
6.514302785239057592e+00
6.545354619835310750e+00
6.576000624710180098e+00
6.606223615071517230e+00
6.636006406127168411e+00
6.665339241435233930e+00
6.694212364553809635e+00
6.722608590690745345e+00
6.750525591754389154e+00
6.777938754602340410e+00
6.804853179493193238e+00
6.831244253284551426e+00
6.857117076235009989e+00
6.882447035202169161e+00
6.907231802094372597e+00
6.931454192119475444e+00
6.955104448835569997e+00
6.978180244151008793e+00
7.000656964923388514e+00
7.022532283061056368e+00
7.043789013771861285e+00
7.064417400613902664e+00
7.084407687145278132e+00
7.103757545274334895e+00
7.122449790208922771e+00
7.140474665507139385e+00
7.157829843077331944e+00
7.174498138127351154e+00
7.190477222565543336e+00
7.205749911599756530e+00
7.220321305488591968e+00
7.234159362739394084e+00
7.247276611961013693e+00
7.259648440011049253e+00
7.271272518797847084e+00
7.282139091879505699e+00
7.292238402814124498e+00
7.301568123510053354e+00
7.310118497525386339e+00
7.317887196768474212e+00
7.324864464797416375e+00
7.331048695311973340e+00
7.336433740827320804e+00
7.341021604000294687e+00
7.344806859137484878e+00
7.347791508895729073e+00
7.349977555931863193e+00
7.351352146202228433e+00
7.351917282363660711e+00
7.351674967073001277e+00
7.350627202987083386e+00
7.348775992762749176e+00
7.346123339056835455e+00
7.342656387825678976e+00
7.338399426776869738e+00
7.333339601866745383e+00
7.327478915752143607e+00
7.320826799440151689e+00
7.313385255587609102e+00
7.305156286851354430e+00
7.296149324238474954e+00
7.286358942055557009e+00
7.275794571309691428e+00
7.264465643007964601e+00
7.252366731456966420e+00
7.239499839313532803e+00
7.225881825935003278e+00
7.211499837277716374e+00
7.196370732699009842e+00
7.180496514855719603e+00
7.163879186404685129e+00
7.146528178352997251e+00
7.128452921707739698e+00
7.109655419125751941e+00
7.090159958314623978e+00
7.069961113580943035e+00
7.049083172632294669e+00
7.027520709775272323e+00
7.005298012717458889e+00
6.982402227415194673e+00
6.958865069926316593e+00
6.934673686207164067e+00
6.909844935615074846e+00
6.884395677507387568e+00
6.858320486190690346e+00
6.831628792672069572e+00
6.804344884659116133e+00
6.776478193158913754e+00
6.748030720828304574e+00
6.719019327024626342e+00
6.689453442754964563e+00
6.659349224035940651e+00
6.628705156820802635e+00
6.597533880422575159e+00
6.565848034154286417e+00
6.533637972278215855e+00
6.500923762457641253e+00
6.467710615655339446e+00
6.434003742834088158e+00
6.399815783306915584e+00
6.365159376386849921e+00
6.330039733036668004e+00
6.294484349269899859e+00
6.258505864399569241e+00
6.222102061038208731e+00
6.185300435199342139e+00
6.148098769495500271e+00
6.110524559940209599e+00
6.072575589145998265e+00
6.034271924776143159e+00
5.995626206143673365e+00
5.956636215861115247e+00
5.917322021591748360e+00
5.877703690998848707e+00
5.837779006694946204e+00
5.797582893043816910e+00
5.757120561008240323e+00
5.716397221550993279e+00
5.675447799035851837e+00
5.634270076075346800e+00
5.592884120332754172e+00
5.551295142770852564e+00
5.509530639403170227e+00
5.467595821192484884e+00
5.425503327451822067e+00
5.383265797494212634e+00
5.340903298982931702e+00
5.298435899581259712e+00
5.255861381901723028e+00
5.213222098658349957e+00
5.170515832463667749e+00
5.127770079331203767e+00
5.084997478573987983e+00
5.042225526205546871e+00
4.999459433188657265e+00
4.956711838836348250e+00
4.914010239162148075e+00
4.871359845128833577e+00
4.828780724399681645e+00
4.786285516287722253e+00
4.743894288456232289e+00
4.701610939506411846e+00
4.659463831994148819e+00
4.617442874362505556e+00
4.575567688455540072e+00
4.533850467767065240e+00
4.492288549090391214e+00
4.450901554269578675e+00
4.409694248448188247e+00
4.368671396769780557e+00
4.327852621078416284e+00
4.287235258167405583e+00
4.246838929880810021e+00
4.206660973011939753e+00
4.166728437755106818e+00
4.127031232553369122e+00
4.087588979250790011e+00
4.048413871341178805e+00
4.009503245617846545e+00
3.970869295574603886e+00
3.932524214705261922e+00
3.894472768153381725e+00
3.856734577763021754e+00
3.819306980327495271e+00
3.782209597690861180e+00
3.745447194996681439e+00
3.709039394089015840e+00
3.672983531761175424e+00
3.637306658207470900e+00
3.601998681870962393e+00
3.567086652945961944e+00
3.532560479875528792e+00
3.498439784503724503e+00
3.464721903623860122e+00
3.431426459079994551e+00
3.398558216015690636e+00
3.366114511224257200e+00
3.334122394900007169e+00
3.302571775485998895e+00
3.271482274826294390e+00
3.240866086414703862e+00
3.210720547044538353e+00
3.181057850209607629e+00
3.151890189403724118e+00
3.123214901420197087e+00
3.095051608103087659e+00
3.067390217895456406e+00
3.040250352641363563e+00
3.013629349134121505e+00
2.987539400867539552e+00
2.961992701335428357e+00
2.936985980743016089e+00
2.912520971293455219e+00
2.888613655302312289e+00
2.865257730034406869e+00
2.842454321104806780e+00
2.820219410829081230e+00
2.798539268121797097e+00
2.777429875298524475e+00
2.756877501273831577e+00
2.736890700013035804e+00
2.717463168780956728e+00
2.698610889893162668e+00
2.680320132264221833e+00
2.662592021509202489e+00
2.645435111593423372e+00
2.628850528131952746e+00
2.612824540039359267e+00
2.597373129631211253e+00
2.582489994172327830e+00
2.568176259277775930e+00
2.554433050562625596e+00
2.541254065291694175e+00
2.528640429080051710e+00
2.516600695893014272e+00
2.505113706294902265e+00
2.494195442601283563e+00
2.483839602076975961e+00
2.474039881986799028e+00
2.464797407945820584e+00
2.456113305569109340e+00
2.447973843771233060e+00
2.440387576517511370e+00
2.433348201072761618e+00
2.426856843052053403e+00
2.420899771369954045e+00
2.415478111641533143e+00
2.410592989481857629e+00
2.406238102155747960e+00
2.402414575278270625e+00
2.399108677763994724e+00
2.396321535227990296e+00
2.394054273285323386e+00
2.392293160850563982e+00
2.391039323538779460e+00
2.390286458614789833e+00
2.390020834993161536e+00
2.390251006639215525e+00
2.390963242467518235e+00
2.392151239742888347e+00
2.393808695730145431e+00
2.395929334573334568e+00
2.398506987933415768e+00
2.401535514350576772e+00
2.405008772365003988e+00
2.408928048867134297e+00
2.413272345696655385e+00
2.418042949744005021e+00
2.423226291199120030e+00
2.428816228602186378e+00
2.434814048843642720e+00
2.441198753763176299e+00
2.447964201900973080e+00
2.455111680147471276e+00
2.462620190342358573e+00
2.470491019376070518e+00
2.478710597438545271e+00
2.487272783069971016e+00
2.496164006460283247e+00
2.505385554499919287e+00
2.514909000678317685e+00
2.524743060236164904e+00
2.534866735013147743e+00
2.545273883549454386e+00
2.555950936035020771e+00
2.566899179360285110e+00
2.578090187014684176e+00
2.589525245888655736e+00
2.601190786172136171e+00
2.613080666405312336e+00
2.625173888427873248e+00
2.637464310780004428e+00
2.649945792001894507e+00
2.662597333933228505e+00
2.675412795114195497e+00
2.688386034084981890e+00
2.701496052685275373e+00
2.714729281105013214e+00
2.728087006234632295e+00
2.741540801563569385e+00
2.755091953982262254e+00
2.768719465330398144e+00
2.782417194148163908e+00
2.796164142275247677e+00
2.809954168251834972e+00
2.823781130618114421e+00
2.837616602863522353e+00
2.851461871878496535e+00
2.865295939502724654e+00
2.879105235926142647e+00
2.892883619688938257e+00
2.906612254929036077e+00
2.920288383327563686e+00
2.933918837214132935e+00
2.947503020568108312e+00
2.961032909018603387e+00
2.974507906544981761e+00
2.987934845476857504e+00
3.001305701443343743e+00
3.014627306774054549e+00
3.027891637098103494e+00
3.041105524745104649e+00
3.054260945344171141e+00
3.067357302874667013e+00
3.080401429666206337e+00
3.093385301347901795e+00
3.106308321899117875e+00
3.119169895299218176e+00
3.131976853877816769e+00
3.144713744913776310e+00
3.157394829086960897e+00
3.170004653676234962e+00
3.182550051011211245e+00
3.195030425071254232e+00
3.207437751485477051e+00
3.219778862583493773e+00
3.232053162344667996e+00
3.244252626398113293e+00
3.256376658723193263e+00
3.268432091649521531e+00
3.280410900806212560e+00
3.292319918522879529e+00
3.304151120428636013e+00
3.315911338853095636e+00
3.327592549425372415e+00
3.339194156124830393e+00
3.350722991281082752e+00
3.362163602172993038e+00
3.373530249480425347e+00
3.384814908832492808e+00
3.396009555858310325e+00
3.407128451237739775e+00
3.418163570599896506e+00
3.429114317924144117e+00
3.439987525540095348e+00
3.450767740726613741e+00
3.461469224163564284e+00
3.472083951480060549e+00
3.482618755005714828e+00
3.493058182019392000e+00
3.503416493200955273e+00
