# te
3.376765321843169243e+00
4.071179905039782554e+00
4.052274043789732438e+00
3.639661195086967282e+00
3.067624923082608479e+00
2.477845706719279839e+00
1.955242494461529201e+00
1.542160943211868807e+00
1.248364046593789745e+00
1.069637023850626534e+00
9.898413089069427739e-01
9.828058580575130820e-01
1.022642516625452691e+00
1.085085280311943734e+00
1.153688513942486393e+00
1.217888760501246503e+00
1.272729479792296781e+00
1.324897784623949359e+00
1.373362284810054179e+00
1.421491385361369320e+00
1.469213852289357192e+00
1.521825685653139137e+00
1.583845362628294229e+00
1.646857024658571200e+00
1.711636461508704299e+00
1.775703683026946145e+00
1.831032997521244488e+00
1.879909673638802792e+00
1.912894588844289423e+00
1.937326464022982364e+00
1.946621022161476589e+00
1.946110210071030577e+00
1.943566334746667623e+00
1.927633139772554571e+00
1.905198715512297580e+00
1.871327054510364629e+00
1.829653559910427996e+00
1.780316852102610703e+00
1.721559957629273496e+00
1.651999755771717870e+00
1.571681681614753634e+00
1.480609035368132043e+00
1.377180593587603585e+00
1.259490570468668746e+00
1.126484433715049693e+00
9.786555775008515257e-01
8.168658067421509239e-01
6.420512098575247295e-01
4.552867854152243265e-01
2.574868374639744939e-01
4.872084084759285144e-02
-1.713628620693948001e-01
-4.039750919123777928e-01
-6.506963040151850786e-01
-9.134088033504895732e-01
-1.192637432672017495e+00
-1.487888420831899206e+00
-1.798380519527589261e+00
-2.122916492842542802e+00
-2.460420588076242865e+00
-2.810659546204289150e+00
-3.173625588321809410e+00
-3.549303507173680483e+00
-3.937737522306779869e+00
-4.339090599463785836e+00
-4.753161285592324425e+00
-5.179651451678568996e+00
-5.618292682109698788e+00
-6.069009698379385753e+00
-6.531948095974283497e+00
-7.007966114297192739e+00
-7.497882874485141791e+00
-8.001447815239160377e+00
-8.518076099499023002e+00
-9.047081494616241670e+00
-9.586837344371248903e+00
-1.013670756444296295e+01
-1.069635320452030491e+01
-1.126558388129718757e+01
-1.184403046575742557e+01
-1.243135168106941535e+01
-1.302739892220393969e+01
-1.363172645012179274e+01
-1.424425994329626377e+01
-1.486450370056807202e+01
-1.549198502280515299e+01
-1.612618124875537617e+01
-1.676664400066911398e+01
-1.741307346780173404e+01
-1.806494499445837221e+01
-1.872202308118321312e+01
-1.938377310006770671e+01
-2.004995755721331818e+01
-2.072004182471149392e+01
-2.139356555815618322e+01
-2.207006841314134604e+01
-2.274909004526093526e+01
-2.343009582660640078e+01
-2.411255112926919963e+01
-2.479592132534078175e+01
-2.547989463742010585e+01
-2.616363930358861722e+01
-2.684676926294277521e+01
-2.752867560407153036e+01
-2.820867513206134092e+01
-2.888630750250615264e+01
-2.956096380399492674e+01
-3.023196084161411079e+01
-3.089883827095766478e+01
-3.156105951193633175e+01
-3.221785732523055401e+01
-3.286883393685257460e+01
-3.351329443880462833e+01
-3.415069249009395236e+01
-3.478048174972778384e+01
-3.540204159321086053e+01
-3.601475139604792020e+01
-3.661813910074870648e+01
-3.721158408281795005e+01
-3.779446571776040287e+01
-3.836631194808578016e+01
-3.892650214929883390e+01
-3.947441569690430185e+01
-4.000958053341192056e+01
-4.053145031782893426e+01
-4.103940442566006652e+01
-4.153297079941506098e+01
-4.201160309810115479e+01
-4.247468069722309281e+01
-4.292173667074663967e+01
-4.335225033495919433e+01
-4.376578042110669031e+01
-4.416173709343004816e+01
-4.453982765018020729e+01
-4.489938797209559596e+01
-4.523997679042215481e+01
-4.556122711990828833e+01
-4.586269769179993716e+01
-4.614394723734304193e+01
-4.640460877128603556e+01
-4.664416674137232377e+01
-4.686232844585286017e+01
-4.705865261597355698e+01
-4.723262369947785544e+01
-4.738402327811919434e+01
-4.751226151613848003e+01
-4.761704571178666612e+01
-4.769793459630967192e+01
-4.775448690095341675e+01
-4.778640966219600017e+01
-4.779340886942411970e+01
-4.777519025025159038e+01
-4.773160809929727577e+01
-4.766229386067250573e+01
-4.756710182899613670e+01
-4.744573773188200505e+01
-4.729798158044644651e+01
-4.712361338580581105e+01
-4.692248744257894089e+01
-4.669430947837968660e+01
-4.643900807132936137e+01
-4.615621466553934482e+01
-4.584593212263346373e+01
-4.550786617022555447e+01
-4.514194538643696575e+01
-4.474802406588653980e+01
-4.432617935370062412e+01
-4.387626554449805383e+01
-4.339821121640017765e+01
-4.289194494752833009e+01
-4.235746959950636636e+01
-4.179471375045561388e+01
-4.120368026199992073e+01
-4.058452056276814091e+01
-3.993716632863166183e+01
-3.926163590996461750e+01
-3.855802503839369422e+01
-3.782635516204307891e+01
-3.706679629604195725e+01
-3.627951845551952204e+01
-3.546461737210244536e+01
-3.462226306091994132e+01
-3.375269982060366658e+01
-3.285587481577532998e+01
-3.193218091207160825e+01
-3.098171384111918769e+01
-3.000479218505226342e+01
-2.900158595900001757e+01
-2.797241374509663459e+01
-2.691759412547630248e+01
-2.583722283176571466e+01
-2.473161844609904492e+01
-2.360124811761550134e+01
-2.244635614494674769e+01
-2.126740967723198494e+01
-2.006472729660539756e+01
-1.883870186870367291e+01
-1.758965197566099192e+01
-1.631811905011905495e+01
-1.502434710291272602e+01
-1.370895041120215829e+01
-1.237217154683818343e+01
-1.101455021568164305e+01
-9.636551840090868737e+00
-8.238567558921698009e+00
-6.820995939380216200e+00
-5.384458399180010346e+00
-3.929509500882417683e+00
-2.456726092099523306e+00
-9.666761064231125244e-01
5.400591515245773966e-01
2.062907291141610866e+00
3.601289979145851472e+00
5.154600654524211123e+00
6.722225327913357695e+00
8.303527724899200990e+00
9.897982996321410099e+00
1.150488801261364280e+01
1.312370306791506636e+01
1.475366560585734099e+01
1.639431020408213513e+01
1.804480002271861494e+01
1.970459535590593347e+01
2.137285936377326578e+01
2.304905234045977025e+01
2.473241172959711065e+01
2.642224925831945370e+01
2.811787665376096257e+01
2.981860564305579686e+01
3.152367366983562391e+01
3.323239246123460333e+01
3.494399946088440601e+01
3.665773211241669571e+01
3.837297642646812790e+01
4.008889556316788116e+01
4.180472696614759798e+01
4.351978236254145571e+01
4.523329919598111815e+01
4.694436634309325029e+01
4.865244409801700698e+01
5.035662133737906743e+01
5.205613550481108120e+01
5.375037261094971086e+01
5.543849581592414211e+01
5.711981684686850258e+01
5.879357314741449869e+01
6.045892787769125221e+01
6.211526704833545409e+01
6.376175381947626164e+01
6.539748272206179536e+01
6.702179375483355273e+01
6.863388400384947374e+01
7.023287627166499192e+01
7.181811621134308155e+01
7.338880090894166131e+01
7.494435030102617645e+01
7.648373862314710436e+01
7.800742578090486745e+01
7.951319747380991032e+01
8.100181074147269555e+01
8.247179411842863317e+01
8.392316180926322033e+01
8.535444234851186707e+01
8.676639277578505016e+01
8.815679879059318580e+01
8.952493176249672047e+01
9.087154873110611675e+01
9.219443539593181924e+01
9.349434879658427633e+01
9.476907463257391839e+01
9.601936994351120802e+01
9.724376326393158365e+01
9.844301163344550787e+01
9.961490075156339685e+01
1.007601876578957132e+02
1.018774008869779095e+02
1.029658118083704181e+02
1.040261774616837016e+02
1.050570263814531984e+02
1.060583727722643346e+02
1.070294880036775993e+02
1.079696434452533964e+02
1.088781104665522008e+02
1.097549032721594386e+02
1.106000360666605786e+02
1.114127802196160815e+02
1.121916642655613288e+02
1.129381880791318054e+02
1.136501373598379843e+02
1.143282691472902428e+02
1.149718548110491128e+02
1.155809085556999776e+02
1.161539589157782899e+02
1.166917629308945408e+02
1.171935919706091340e+02
1.176579745694575223e+02
1.180856677670501540e+02
1.184766857679724694e+02
1.188302999417849435e+02
1.191465286270714330e+02
1.194254066984095175e+02
1.196669731643752783e+02
1.198712670335446830e+02
1.200375844794688049e+02
1.201659645107236400e+02
1.202564461358852554e+02
1.203090683635296330e+02
1.203238702022328539e+02
1.203008906605709001e+02
1.202386830770698367e+02
1.201387721303556759e+02
1.200004539939794483e+02
1.198237676765171784e+02
1.196087521865449332e+02
1.193554465326386662e+02
1.190646325583994667e+02
1.187356064373783511e+02
1.183684071781513438e+02
1.179638166243194917e+02
1.175218737844587622e+02
1.170418748321202429e+02
1.165246016109049663e+02
1.159708359644139364e+02
1.153798740661981839e+02
1.147524977598587554e+02
1.140880032189466391e+02
1.133871722870629384e+02
1.126515296428336086e+02
1.118796286247847291e+02
1.110722510765172757e+02
1.102294360066073295e+02
1.093527080936808744e+02
1.084413635112889835e+02
1.074961841030326894e+02
1.065172088774879597e+02
1.055059625132808776e+02
1.044617411839624594e+02
1.033860695681587174e+02
1.022789866744457186e+02
1.011405315113994590e+02
9.997074308759596306e+01
9.877114608166128562e+01
9.754103666714645726e+01
9.628119668765248207e+01
9.499166515175538450e+01
9.367322390305622548e+01
9.232591195013101526e+01
9.095199680663078823e+01
8.955077464610657501e+01
8.812376509729031682e+01
8.667172475431269163e+01
8.519466232638522740e+01
8.369481502779454729e+01
8.217144873272719963e+01
8.062531498541976305e+01
7.905716533010881619e+01
7.746775131103095191e+01
7.585708163739771237e+01
7.422665068847069847e+01
7.257542720442647521e+01
7.090527698203909779e+01
6.921680299854017449e+01
6.751068251466377035e+01
6.578774135814896340e+01
6.404880535673480324e+01
6.229455177115539755e+01
6.052588071265230951e+01
5.874354372546210357e+01
5.694821807031887317e+01
5.514080385846417443e+01
5.332197835063210789e+01
5.149256737456172317e+01
4.965339675799210539e+01
4.780506947815482732e+01
4.594848564629148058e+01
4.408432252313611599e+01
4.221333165292531930e+01
4.033633886339816144e+01
3.845409569879122813e+01
3.656727941983858443e+01
3.467671585427930836e+01
3.278323082985247794e+01
3.088772445779966347e+01
2.899094828235744359e+01
2.709387669826989509e+01
2.519726124977358950e+01
2.330200204811010423e+01
2.140892492101850664e+01
1.951885569623788541e+01
1.763262020150730081e+01
1.575104426456584328e+01
1.387487942965007726e+01
1.200487724099658138e+01
1.014193780984692772e+01
8.286805252087447116e+00
6.440290538756709537e+00
4.603152642441543207e+00
2.776187677480021154e+00
9.601724444995703989e-01
-8.441323020813309430e-01
-2.635994336598785015e+00
-4.414719764648589617e+00
-6.179567150384943197e+00
-7.929839628063547252e+00
-9.664907187092344643e+00
-1.138393925142253771e+01
-1.308625381201032312e+01
-1.477116885981190109e+01
-1.643792810228097068e+01
-1.808607238088122315e+01
-1.971484540306636291e+01
-2.132378801030009186e+01
-2.291221819353859601e+01
-2.447960251074309213e+01
-2.602540751987475787e+01
-2.754887692838730828e+01
-2.904955157774443464e+01
-3.052674945890233360e+01
-3.197993712982220060e+01
-3.340850686496274591e+01
-3.481177665528015552e+01
-3.618921305873564620e+01
-3.754028263329039561e+01
-3.886445193690560274e+01
-4.016148466155248542e+01
-4.143092164869472072e+01
-4.267237802329851348e+01
-4.388554319383257507e+01
-4.506988371825808315e+01
-4.622516328854625556e+01
-4.735099702966327584e+01
-4.844685149957034298e+01
-4.951249039023866771e+01
-5.054738025962944192e+01
-5.155121051621135564e+01
-5.252359628495062083e+01
-5.346415269081343524e+01
-5.437249485876597532e+01
-5.524846076428196540e+01
-5.609173981583009549e+01
-5.690209570538155504e+01
-5.767914355790255598e+01
-5.842272134886678003e+01
-5.913259277024545923e+01
-5.980852151400976169e+01
-6.045056840614087434e+01
-6.105857142211252864e+01
-6.163244282090089854e+01
-6.217216914498470004e+01
-6.267766391424619599e+01
-6.314877140868944139e+01
-6.358541145272702977e+01
-6.398742958726914054e+01
-6.435474563672835302e+01
-6.468720514201481819e+01
-6.498472792754114380e+01
-6.524708525071496013e+01
-6.547441978645638017e+01
-6.566687420968554534e+01
-6.582377407679506121e+01
-6.594741628427756552e+01
-6.603638355350067002e+01
-6.609148711090701056e+01
-6.611279534791421497e+01
-6.610111949096489070e+01
-6.605578509645167173e+01
-6.597760339081716552e+01
-6.586664276547902830e+01
-6.572297161185485947e+01
-6.554591548633729303e+01
-6.533702845039393026e+01
-6.509489322539242551e+01
-6.482180670782538812e+01
-6.451635161906044402e+01
-6.417933918554021488e+01
-6.381158063370732236e+01
-6.341314435497940138e+01
-6.298513870980907114e+01
-6.252703782159394308e+01
-6.203965291677665306e+01
-6.152334952078482644e+01
-6.097856744254858086e+01
-6.040574649099803395e+01
-5.980525219156083239e+01
-5.917759863666957187e+01
-5.852315135175189909e+01
-5.784249871274293042e+01
-5.713622909557776808e+01
-5.640485659268907170e+01
-5.564904386351445709e+01
-5.486923071698401344e+01
-5.406615409603791278e+01
-5.324017952610375204e+01
-5.239211823362414577e+01
-5.152241002752924004e+01
-5.063171756725665063e+01
-4.972070351224401463e+01
-4.878995623842642004e+01
-4.783998983823652651e+01
-4.687152796237089802e+01
-4.588524109255188677e+01
-4.488163785125335892e+01
-4.386159827846159942e+01
-4.282570528015294542e+01
-4.177461604580624766e+01
-4.070898776490029292e+01
-3.962955191041643133e+01
-3.853696567183347099e+01
-3.743196052213274783e+01
-3.631511936729058476e+01
-3.518717368028831061e+01
-3.404885493410723285e+01
-3.290074603472369574e+01
-3.174357845511901033e+01
-3.057815795177700480e+01
-2.940506743067401274e+01
-2.822511264829385524e+01
-2.703902507761785046e+01
-2.584746190812482425e+01
-2.465122889629860836e+01
-2.345098323161802156e+01
-2.224745638706439266e+01
-2.104145411912154273e+01
-1.983363361726829410e+01
-1.862472635448597913e+01
-1.741546380375591951e+01
-1.620665172156193989e+01
-1.499887301388036498e+01
-1.379308200420001107e+01
-1.258993588199971647e+01
-1.139038897076829926e+01
-1.019502417648208770e+01
-9.004795822629901636e+00
-7.820361098690567836e+00
-6.642674328152908814e+00
-5.472318416993257273e+00
-4.310099121695428970e+00
-3.156822198743253871e+00
-2.013144837615555627e+00
-8.797985112936549390e-01
2.424110237386154498e-01
1.352804292951687914e+00
2.450657251714484453e+00
3.535297853847680472e+00
4.606046624821702906e+00
5.662209233406472642e+00
6.703121061772921330e+00
7.728078121835643799e+00
8.736407624580294851e+00
9.727417229829077527e+00
1.070048050274527540e+01
1.165498488490485052e+01
1.259033267458426941e+01
1.350590388500924632e+01
1.440108595775574152e+01
1.527534061790221998e+01
1.612802559362364718e+01
1.695872889195273459e+01
1.776688995291719309e+01
1.855194821654474779e+01
1.931356597337060066e+01
2.005103409641746737e+01
2.076394059271806469e+01
2.145187346930511296e+01
2.211442073321131119e+01
2.275102182446438093e+01
2.336133903359953123e+01
2.394496036764948599e+01
2.450147383364695131e+01
2.503039315512213747e+01
2.553152918961526652e+01
2.600439566065654873e+01
2.644880342578619903e+01
2.686448905904192586e+01
2.725111485095894537e+01
2.760834309207248438e+01
2.793583607291773419e+01
2.823347893453742330e+01
2.850093396746676078e+01
2.873786346224095567e+01
2.894400399289773063e+01
2.911916641697730057e+01
2.926301302501487100e+01
2.937535467455065685e+01
2.945592793962237366e+01
2.950469224477524577e+01
2.952145844754945969e+01
2.950611168898775460e+01
2.945846282663033833e+01
2.937847128502241745e+01
2.926587363820171817e+01
2.912070359421593935e+01
2.894292057761029824e+01
2.873248401293001209e+01
2.848935332472029458e+01
2.821341365402386003e+01
2.790477299239092801e+01
2.756331648086419861e+01
2.718915211099389140e+01
2.678238683669290410e+01
2.634319774482734644e+01
2.587153803411851527e+01
2.536758375379519848e+01
2.483143666958368811e+01
2.426327283071278273e+01
2.366311971940627501e+01
2.303122766839545577e+01
2.236784701041162293e+01
2.167307951118106502e+01
2.094710121993257346e+01
2.019008818589494680e+01
1.940229074179947588e+01
1.858403350387995445e+01
1.773564108837017628e+01
1.685758667850893389e+01
1.595012060702752343e+01
1.501371605716473390e+01
1.404869764515435726e+01
1.305546427073269378e+01
1.203434055013353010e+01
1.098579966659566054e+01
9.910240519855383567e+00
8.807987726146489393e+00
7.679440185205267611e+00
6.525071080270516966e+00
5.345205027576025891e+00
4.140315210360591358e+00
2.911023378868007327e+00
1.657802716337062776e+00
3.811264060065533976e-01
-9.183838018797271241e-01
-2.240329007585486476e+00
-3.584087460866929309e+00
-4.949067124881264768e+00
-6.334698247836448637e+00
-7.740366507838938759e+00
-9.165457582995186314e+00
-1.060937943646240811e+01
-1.207151923201710098e+01
-1.355125819075557736e+01
-1.504791216429194556e+01
-1.656079106156010639e+01
-1.808919142046351780e+01
-1.963242463560614226e+01
-2.118980210159193334e+01
-2.276055350117209386e+01
-2.434411651090483275e+01
-2.593957224653635407e+01
-2.754629895782287363e+01
-2.916347220490432690e+01
-3.079042247498809814e+01
-3.242657469967530659e+01
-3.407127952706457563e+01
-3.572388760525451090e+01
-3.738360101533875479e+01
-3.904991897242089749e+01
-4.072196927409208200e+01
-4.239917685195341335e+01
-4.408081807060101198e+01
-4.576616929463101968e+01
-4.745458117214202076e+01
-4.914525578422765761e+01
-5.083746949548402938e+01
-5.253057295400977722e+01
-5.422384252440101449e+01
-5.591648028775134804e+01
-5.760776260865690546e+01
-5.929704013521632078e+01
-6.098351494852317956e+01
-6.266646341317363067e+01
-6.434523617726627265e+01
-6.601896103839223429e+01
-6.768706292815264192e+01
-6.934866964413861012e+01
-7.100305755094625226e+01
-7.264957729667418107e+01
-7.428728239541102596e+01
-7.591544921175290028e+01
-7.753335411029594582e+01
-7.914005060512874934e+01
-8.073488934434993780e+01
-8.231699812555065421e+01
-8.388580188033199647e+01
-8.544057697329007794e+01
-8.698022835150851506e+01
-8.850492378161345641e+01
-9.001393962820098693e+01
-9.150580942084226876e+01
-9.297980952413337263e+01
-9.443595913769546257e+01
-9.587353462612460930e+01
-9.729181235401696881e+01
-9.868932585094363219e+01
-1.000660943165257493e+02
-1.014206512803344395e+02
-1.027530159419907960e+02
-1.040617218310659382e+02
-1.053467881471809875e+02
-1.066074912549320857e+02
-1.078431275672953547e+02
-1.090530736907670502e+02
-1.102374691152483734e+02
-1.113942248255656153e+02
-1.125242231466450278e+02
-1.136261178983378386e+02
-1.147000485705453201e+02
-1.157461546531687304e+02
-1.167623471310342893e+02
-1.177495083290682771e+02
-1.187070349021469298e+02
-1.196335806701215176e+02
-1.205292851228932705e+02
-1.213935449153384667e+02
-1.222264995373583361e+02
-1.230275456438291144e+02
-1.237953370546021006e+02
-1.245300132595785243e+02
-1.252309709136346214e+02
-1.258990923416966581e+02
-1.265330313636158763e+02
-1.271329274692935627e+02
-1.276989201486309184e+02
-1.282304060565042505e+02
-1.287267818477897379e+02
-1.291889298474137320e+02
-1.296155038752273754e+02
-1.300073862561570195e+02
-1.303624879750288130e+02
-1.306824341917941013e+02
-1.309666215613290774e+02
-1.312137039034850261e+02
-1.314245635431881851e+02
-1.315978543002898107e+02
-1.317352013347411628e+02
-1.318352584663934408e+02
-1.318981651851480024e+02
-1.319240609809059777e+02
-1.319123425085437020e+02
-1.318624064229373971e+02
-1.317758778840383229e+02
-1.316521535467227579e+02
-1.314906300658668954e+02
-1.312914469313720076e+02
-1.310547436331393385e+02
-1.307814024960952111e+02
-1.304700773400907963e+02
-1.301216504900523603e+02
-1.297362614358811754e+02
-1.293140496674784572e+02
-1.288544102382725782e+02
-1.283574746309249406e+02
-1.278248583966990850e+02
-1.272552057467585485e+02
-1.266493893973418352e+02
-1.260075392296624557e+02
-1.253297851249339772e+02
-1.246177426344198409e+02
-1.238700559692836407e+02
-1.230875978457638666e+02
-1.222704981450740718e+02
-1.214188867484277239e+02
-1.205336363720633557e+02
-1.196133912271445041e+02
-1.186597668649346815e+02
-1.176721503316224187e+02
-1.166506715084212118e+02
-1.155954602765446424e+02
-1.145081321872561375e+02
-1.133888171217692786e+02
-1.122376449612976046e+02
-1.110547455870545548e+02
-1.098417345503037268e+02
-1.085987417322586168e+02
-1.073258970141327495e+02
-1.060248159471896372e+02
-1.046948855776177965e+02
-1.033377214566807254e+02
-1.019527106305670259e+02
-1.005422114855651330e+02
-9.910561106786357755e+01
-9.764378209370093487e+01
-9.615611160926567891e+01
-9.464421516582133620e+01
-9.310747980955643754e+01
-9.154603542168450758e+01
-8.996149755346904442e+01
-8.835251041607359923e+01
-8.672143239578666396e+01
-8.506765053879678362e+01
-8.339426606641745821e+01
-8.170066602483721852e+01
-7.998846596531957687e+01
-7.825853860410305174e+01
-7.651249949245118387e+01
-7.474973567655247564e+01
-7.297186270767045357e+01
-7.117901046701862811e+01
-6.937205167083554613e+01
-6.755037336530969583e+01
-6.571631086321120563e+01
-6.386913584313654013e+01
-6.200958258021374547e+01
-6.013912818459585452e+01
-5.825702126136095416e+01
-5.636548175568709240e+01
-5.446301543762730546e+01
-5.255258508738465650e+01
-5.063343931003719689e+01
-4.870631238071296565e+01
-4.677282997657002994e+01
-4.483365208923394363e+01
-4.288973584434025099e+01
-4.094196408402201115e+01
-3.899121965041226900e+01
-3.703838538564407656e+01
-3.508397271433799602e+01
-3.312819592710457073e+01
-3.117149216506187059e+01
-2.921429856932791935e+01
-2.725697799751829464e+01
-2.529981902374603564e+01
-2.334333307263170454e+01
-2.138855155331335212e+01
-1.943665444193401726e+01
-1.748882171463676372e+01
-1.554623334756463926e+01
-1.360992074985570177e+01
-1.168113818115550373e+01
-9.760917050602095912e+00
-7.849620215811027535e+00
-5.947759101402855464e+00
-4.055547997988126596e+00
-2.173349763182407912e+00
-3.016015381037371879e-01
1.559482386637329299e+00
3.409316302917740238e+00
5.247165935609436005e+00
7.071925592071876210e+00
8.882712430171999074e+00
1.067842075726924911e+01
1.245816773123059029e+01
1.422092194291795053e+01
1.596572626669578554e+01
1.769206927794354556e+01
1.939923898658392076e+01
2.108677596644811558e+01
2.275407965271257638e+01
2.440059999333545449e+01
2.602577059390433334e+01
2.762906829441501699e+01
2.921009533105441847e+01
3.076848231771717934e+01
3.230385986829790568e+01
3.381585859669123550e+01
3.530414625854302102e+01
3.676834603939765600e+01
3.820800684129700642e+01
3.962245471577542588e+01
4.101101571436730353e+01
4.237294160510450780e+01
4.370748415601891423e+01
4.501396941864488355e+01
4.629157487751180611e+01
4.753977515115903429e+01
4.875834199213594644e+01
4.994741857050441780e+01
5.110677663881382671e+01
5.223655936712602710e+01
5.333661279149291090e+01
5.440700579847383977e+01
5.544765870762318372e+01
5.645812042098281580e+01
5.743808840759960077e+01
5.838703728601292653e+01
5.930466452526965071e+01
6.019037046040666894e+01
6.104392684397333113e+01
6.186480829450900387e+01
6.265271228106056611e+01
6.340726198917240453e+01
6.412815488789138385e+01
6.481493987925937006e+01
6.546738871582572017e+01
6.608505029963234279e+01
6.666769638322857361e+01
6.721532156967130334e+01
6.772799474551992205e+01
6.820593336433876175e+01
6.864905774568221375e+01
6.905758534311465269e+01
6.943151075969295505e+01
6.977097716547898187e+01
7.007597916352959544e+01
7.034643707339918706e+01
7.058249406514963198e+01
7.078407045833527889e+01
7.095116085601301847e+01
7.108383414474221240e+01
7.118201064407723777e+01
7.124575898580292233e+01
7.127514678260575920e+01
7.127009282539275148e+01
7.123073875557837198e+01
7.115707764757208054e+01
7.104910257578335120e+01
7.090688089812417161e+01
7.073062853951149975e+01
7.052048714135985108e+01
7.027667262858612673e+01
6.999940092610734155e+01
6.968888795884046772e+01
6.934534965170247744e+01
6.896892764610784354e+01
6.855991215047603760e+01
6.811859337322653118e+01
6.764511295577378291e+01
6.713990967354230577e+01
6.660312516794651572e+01
6.603504964740594119e+01
6.543597332034002534e+01
6.480640924567575212e+01
6.414672191533507828e+01
6.345742438824500198e+01
6.273895543982998646e+01
6.199190241251949374e+01
6.121662979823550899e+01
6.041365065590500194e+01
5.958340376095245006e+01
5.872625360529981009e+01
5.784263896437158081e+01
5.693292433008970477e+01
5.599762276138118722e+01
5.503702446666548553e+01
5.405164250486955524e+01
5.304191565141790221e+01
5.200843124873999557e+01
5.095162807226028434e+01
4.987209346440824476e+01
4.877034048411087497e+01
4.764680790679262401e+01
4.650208307488298232e+01
4.533675333081140479e+01
4.415148030050988126e+01
4.294677704290538145e+01
4.172330518392987386e+01
4.048172634951533411e+01
3.922262788209123130e+01
3.794652284058454228e+01
3.665422141793224142e+01
3.534613954610251341e+01
3.402289891724841198e+01
3.268487552955920705e+01
3.133266823173167026e+01
2.996672730545756735e+01
2.858757731593117057e+01
2.719574282834673440e+01
2.579197125840604343e+01
2.437693573830836158e+01
2.295123511675045691e+01
2.151546824242909395e+01
2.007038253104604308e+01
1.861665111480058243e+01
1.715472427538446709e+01
1.568520086149447401e+01
1.420867972182736771e+01
1.272575970507991983e+01
1.123696537644639903e+01
9.742895584623569860e+00
8.244074894805700993e+00
6.741176439192067882e+00
5.234873349981931767e+00
3.725690192369567111e+00
2.214300098554238705e+00
7.014504842377141669e-01
-8.124083688882359766e-01
-2.326454761619343614e+00
-3.840238412263836665e+00
-5.353056475221451116e+00
-6.864339815196419003e+00
-8.373489583491966926e+00
-9.879899503061079002e+00
-1.138296329685673847e+01
-1.288209771571769835e+01
-1.437674625254361693e+01
-1.586636428559454970e+01
-1.735041907849095466e+01
-1.882837120933806219e+01
-2.029968125624110087e+01
-2.176375037050330974e+01
-2.322014312713341155e+01
-2.466811211042964302e+01
-2.610705847169523253e+01
-2.753623479522841677e+01
-2.895511651583491641e+01
-3.036295621781297527e+01
-3.175915505246582171e+01
-3.314303988759417763e+01
-3.451378902399378745e+01
-3.587080361296787601e+01
-3.721335862763484670e+01
-3.854081859639380525e+01
-3.985257043646402764e+01
-4.114807534856729632e+01
-4.242679453342539375e+01
-4.368841204226758634e+01
-4.493276049332816058e+01
-4.615974678834389522e+01
-4.736905497854405667e+01
-4.856051768216293851e+01
-4.973389323393229233e+01
-5.088908853558893242e+01
-5.202578763836211095e+01
-5.314352602647611690e+01
-5.424206203466271603e+01
-5.532107971415119607e+01
-5.638026311617084474e+01
-5.741922200844842905e+01
-5.843764044221322962e+01
-5.943490533468450820e+01
-6.041047788658406148e+01
-6.136381929863365770e+01
-6.229424220455009475e+01
-6.320128208855761187e+01
-6.408425158437302116e+01
-6.494268617622060447e+01
-6.577678989984710256e+01
-6.658661822399433561e+01
-6.737237518440903727e+01
-6.813426481683802649e+01
-6.887256544053056473e+01
-6.958733252422842952e+01
-7.027877010367839716e+01
-7.094641366310474950e+01
-7.158972440322925479e+01
-7.220823780827619487e+01
-7.280141507896736641e+01
-7.336879169952702284e+01
-7.390990315417946022e+01
-7.442421064364644678e+01
-7.491176963666974586e+01
-7.537263560199117762e+01
-7.580664115784497881e+01
-7.621451032449543561e+01
-7.659563001916184533e+01
-7.695087282911346449e+01
-7.727962567156957618e+01
-7.758201829877447153e+01
-7.785743762794740519e+01
-7.810749908138268438e+01
-7.833159051154439112e+01
-7.852910351187593108e+01
-7.870017344609051690e+01
-7.884493567790137547e+01
-7.896426840604674169e+01
-7.905756415921483438e+01
-7.912421546609385814e+01
-7.916584336044707015e+01
-7.918109753593766698e+01
-7.917011335627886126e+01
-7.913451185523391018e+01
-7.907219989144101646e+01
-7.898554133368840269e+01
-7.887318587563929384e+01
-7.873526888100693100e+01
-7.857341138355450028e+01
-7.838626307694525508e+01
-7.817470215991740190e+01
-7.793886399618418181e+01
-7.767888394945879327e+01
-7.739489738345447734e+01
-7.708778249690945472e+01
-7.675693181851194424e+01
-7.640322354700016660e+01
-7.602679304608733446e+01
-7.562703284446170926e+01
-7.520556397588647712e+01
-7.476252180407487913e+01
-7.429729885771511988e+01
-7.381151617057044234e+01
-7.330382343630405728e+01
-7.277584168867919345e+01
-7.222770629140909193e+01
-7.165955260820692274e+01
-7.107225883781096343e+01
-7.046447467388441055e+01
-6.983856398521550091e+01
-6.919391930049245332e+01
-6.853067598342846622e+01
-6.784971223276177454e+01
-6.715190624723064161e+01
-6.643665055552324361e+01
-6.570556619140280930e+01
-6.495804568355758590e+01
-6.419571006575077377e+01
-6.341795186667061301e+01
-6.262564928505531014e+01
-6.181968051964309296e+01
-6.100018093414718834e+01
-6.016802872730580276e+01
-5.932259589356851137e+01
-5.846540079550514690e+01
-5.759571275637184584e+01
-5.671488103749481269e+01
-5.582306636416018364e+01
-5.492057802865912208e+01
-5.400787389028781860e+01
-5.308541180834242112e+01
-5.215357535861657112e+01
-5.121282240040645917e+01
-5.026361079300825452e+01
-4.930624982871309214e+01
-4.834142021732467498e+01
-4.736935696763162440e+01
-4.639059222243262326e+01
-4.540565812452635441e+01
-4.441486396620395283e+01
-4.341866760676160197e+01
-4.241767547250044856e+01
-4.141212257220917081e+01
-4.040261533218892964e+01
-3.938953732823337361e+01
-3.837334641963870041e+01
-3.735450046570103666e+01
-3.633345732571657294e+01
-3.531082342598644885e+01
-3.428705662580686209e+01
-3.326276335147894514e+01
-3.223832717879638210e+01
-3.121435453406031968e+01
-3.019137756006943363e+01
-2.916977983261739027e+01
-2.815009349450284404e+01
-2.713277640502196419e+01
-2.611828642347090934e+01
-2.510700712564334935e+01
-2.409954493784044516e+01
-2.309628343585586308e+01
-2.209768047898576881e+01
-2.110426821002882036e+01
-2.011657877178368636e+01
-1.913507002354652542e+01
-1.816019982461350679e+01
-1.719250031778328847e+01
-1.623242936235203970e+01
-1.528051910111842204e+01
-1.433715310987610358e+01
-1.340278924792124293e+01
-1.247795965805251051e+01
-1.156304791606355664e+01
-1.065849073773554068e+01
-9.764714548292046103e+00
-8.881976062436642394e+00
-8.010606278375385969e+00
-7.150936194314352790e+00
-6.303371091962112871e+00
-5.468093402519727420e+00
-4.645582691198269387e+00
-3.836095672701302917e+00
-3.039889061732389486e+00
-2.257293856497614826e+00
-1.488492488198031038e+00
-7.338159550397083120e-01
6.404744771277838880e-03
7.319871800338684231e-01
1.442600352541999698e+00
2.138061831094587362e+00
2.818040617485576771e+00
3.482354280513900058e+00
4.130746105475983754e+00
4.762885094165764777e+00
5.378663098884673310e+00
5.977749121426643164e+00
6.559923588839351005e+00
7.125041211672990649e+00
7.672882416975234321e+00
8.203272201895266846e+00
8.715998421831022469e+00
9.210878645581431101e+00
9.687715585244930594e+00
1.014634166632094647e+01
1.058661159935966367e+01
1.100834963867523975e+01
1.141140603780770846e+01
1.179561619359659908e+01
1.216082293123169755e+01
1.250688021842815800e+01
1.283369476418791599e+01
1.314116584916264863e+01
1.342921503905479419e+01
1.369775647121653428e+01
1.394669685464979558e+01
1.417596518340726597e+01
1.438546816649087567e+01
1.457516451135430913e+01
1.474502035380149501e+01
1.489499440128611774e+01
1.502506764631260872e+01
1.513511708448190518e+01
1.522525741860293280e+01
1.529530804590321225e+01
1.534546709483709925e+01
1.537563738827753035e+01
1.538594459960495087e+01
1.537636583519479849e+01
1.534702676842751501e+01
1.529797878918103748e+01
1.522919900383081071e+01
1.514088736925977230e+01
1.503302099184336527e+01
1.490587411196702838e+01
1.475949811950870050e+01
1.459394440434632401e+01
1.440933863986033714e+01
1.420588078293368106e+01
1.398362222344430172e+01
1.374276291827512608e+01
1.348342854080661013e+01
1.320567048091668383e+01
1.290983726249329067e+01
1.259583170840937250e+01
1.226400234255286925e+01
1.191454912180671677e+01
1.154759771955136038e+01
1.116357094317724119e+01
1.076259446606479564e+01
1.034486824509696312e+01
9.910815087664191836e+00
9.460560667146914682e+00
8.994379223930573986e+00
8.512470714898110913e+00
8.015257947439966557e+00
7.502792311434077988e+00
6.975496614270890738e+00
6.433496529330838598e+00
5.877140580501867717e+00
5.306703008169415980e+00
4.722532336221422433e+00
4.124902805043330289e+00
3.514162938523079482e+00
2.890661260548608613e+00
2.254746295007859835e+00
1.606692282286271922e+00
9.467734627692850902e-01
2.754720706493430926e-01
-4.069153686373697121e-01
-1.100032902852654315e+00
-1.803532008108578832e+00
-2.517064160517199944e+00
-3.240251122789576499e+00
-3.972702691231489336e+00
-4.714069936730601817e+00
-5.464021677170305402e+00
-6.222241587134484497e+00
-6.988383627806021181e+00
-7.762131473768808299e+00
-8.543159142751402868e+00
-9.331135304070185654e+00
-1.012573367831971183e+01
-1.092662412335240063e+01
-1.173348526247396961e+01
-1.254598739923785189e+01
-1.336380677987768806e+01
-1.418659736557636286e+01
-1.501401311751676104e+01
-1.584567085513052120e+01
-1.668121711125028028e+01
-1.752027613365791936e+01
-1.836247217013533017e+01
-1.920747403856589841e+01
-2.005483170322900932e+01
-2.090430312221105069e+01
-2.175534911958840922e+01
-2.260772765344746560e+01
-2.346097383136711301e+01
-2.431477132793122919e+01
-2.516872953422121739e+01
-2.602238355781594592e+01
-2.687549135680180967e+01
-2.772758803875769473e+01
-2.857835727826748951e+01
-2.942733418291007297e+01
-3.027420242726933353e+01
-3.111849711892416792e+01
-3.195990193245844679e+01
-3.279802625895356982e+01
-3.363247948949091892e+01
-3.446279673164937662e+01
-3.528858737651032840e+01
-3.610953509865766620e+01
-3.692517500567028321e+01
-3.773519077213204298e+01
-3.853904322211936062e+01
-3.933656459722110554e+01
-4.012721572151365734e+01
-4.091068026958091508e+01
-4.168656763250425712e+01
-4.245448720136508314e+01
-4.321412265074726378e+01
-4.396500908822969933e+01
-4.470692378134393152e+01
-4.543942410139215582e+01
-4.616245814663423630e+01
-4.687560259781754013e+01
-4.757873126969943911e+01
-4.827149512652977137e+01
-4.895369369956341643e+01
-4.962512652005522540e+01
-5.028551883575757842e+01
-5.093452161092031361e+01
-5.157208294380332347e+01
-5.219785379865643904e+01
-5.281155942323204044e+01
-5.341314791578999177e+01
-5.400219595707763887e+01
-5.457865164535486713e+01
-5.514231451187652766e+01
-5.569290980439496508e+01
-5.623023705416508022e+01
-5.675417007594420227e+01
-5.726443411748470425e+01
-5.776090299354396507e+01
-5.824337623537681452e+01
-5.871165337423813213e+01
-5.916553394138279032e+01
-5.960489175156813246e+01
-6.002960061955154458e+01
-6.043938579308536418e+01
-6.083412108692696307e+01
-6.121375459933619823e+01
-6.157808586156794206e+01
-6.192698868837955928e+01
-6.226033689452840036e+01
-6.257793001126933774e+01
-6.287964185335971479e+01
-6.316549480256191629e+01
-6.343528839013079335e+01
-6.368897071432623136e+01
-6.392634130640305301e+01
-6.414742254812364308e+01
-6.435208825424537338e+01
-6.454013795602305947e+01
-6.471166831872162106e+01
-6.486647887359590925e+01
-6.500451771890575969e+01
-6.512573295291105069e+01
-6.523007267387164632e+01
-6.531741069654489706e+01
-6.538769511919068123e+01
-6.544109689057636103e+01
-6.547756724024542052e+01
-6.549706992287595142e+01
-6.549972039143460734e+01
-6.548555981538559934e+01
-6.545455508069066752e+01
-6.540682164031645129e+01
-6.534240066372719014e+01
-6.526125903688455310e+01
-6.516358649625776422e+01
-6.504927564430599318e+01
-6.491844193399597884e+01
-6.477120081829436060e+01
-6.460751918316287856e+01
-6.442758676507074256e+01
-6.423151901698463462e+01
-6.401935710836872317e+01
-6.379121649218973999e+01
-6.354721262141438842e+01
-6.328746094900934338e+01
-6.301215121144381470e+01
-6.272139886168448442e+01
-6.241531935269807718e+01
-6.209410242095378152e+01
-6.175793780292077884e+01
-6.140694095156579380e+01
-6.104122731985551553e+01
-6.066106092776163194e+01
-6.026655722825083927e+01
-5.985790595779234025e+01
-5.943514828585035303e+01
-5.899862251589905071e+01
-5.854836981740263724e+01
-5.808457992683031534e+01
-5.760751686415378714e+01
-5.711744464934472632e+01
-5.661470158587736279e+01
-5.609940312671837148e+01
-5.557196185884448170e+01
-5.503256751872483932e+01
-5.448148412633118198e+01
-5.391904998513769698e+01
-5.334538054811108765e+01
-5.276081411872555549e+01
-5.216554043345028902e+01
-5.155989779575948262e+01
-5.094400165861983254e+01
-5.031826460900806097e+01
-4.968280209989084284e+01
-4.903810100174737130e+01
-4.838442533454936267e+01
-4.772209902546243399e+01
-4.705123992941281585e+01
-4.637224865902823723e+01
-4.568530297642884364e+01
-4.499058064373481614e+01
-4.428833370656884227e+01
-4.357888849405613030e+01
-4.286234848481431925e+01
-4.213904000796861027e+01
-4.140921510914167669e+01
-4.067305155045369958e+01
-3.993094994453236524e+01
-3.918301376999532692e+01
-3.842979220647531946e+01
-3.767138873258998188e+01
-3.690820396096699341e+01
-3.614048993722904868e+01
-3.536864727400383401e+01
-3.459277944990900977e+01
-3.381336136107476875e+01
-3.303064505312379850e+01
-3.224480828817626588e+01
-3.145625167885985718e+01
-3.066515298729475347e+01
-2.987191282610863041e+01
-2.907685752442667138e+01
-2.828016484436904676e+01
-2.748216111506096127e+01
-2.668332123263257571e+01
-2.588374867570157178e+01
-2.508391834039813872e+01
-2.428400798884245404e+01
-2.348441823366219339e+01
-2.268540112048003721e+01
-2.188735726192367537e+01
-2.109053870361578120e+01
-2.029534605818402682e+01
-1.950195708774860037e+01
-1.871084668843969467e+01
-1.792219262237746946e+01
-1.713639550218962171e+01
-1.635370737349881054e+01
-1.557445456543024243e+01
-1.479903769061158059e+01
-1.402763451116301319e+01
-1.326057135620971117e+01
-1.249832312188187089e+01
-1.174099328679716159e+01
-1.098913103058825769e+01
-1.024291411537535090e+01
-9.502726084562588937e+00
-8.768807921157510066e+00
-8.041383538944103293e+00
-7.320676851706389598e+00
-6.606837489725853274e+00
-5.900015083284017692e+00
-5.200507829667375681e+00
-4.508465359157426633e+00
-3.824037302035690367e+00
-3.147521855588650830e+00
-2.478994366595328458e+00
-1.818753032342210529e+00
-1.166947483110815753e+00
-5.237273491826414107e-01
1.107577391608147166e-01
7.361353011305346028e-01
1.352404273450031447e+00
1.959266458832791047e+00
2.556572226997312569e+00
3.144246231164588234e+00
3.721990274048124991e+00
4.289729008868907734e+00
4.847238521842940351e+00
5.394369182688720343e+00
5.930897077622235614e+00
6.456821143366986426e+00
6.971843182636478176e+00
7.475887848651694867e+00
7.968820367831634499e+00
8.450453968143552430e+00
8.920661304356686472e+00
9.379307602890035511e+00
9.826287803563598544e+00
1.026146713279636735e+01
1.068472567370784354e+01
1.109595836611802078e+01
1.149502300809564126e+01
1.188182196781095890e+01
1.225624275673371599e+01
1.261819294287933779e+01
1.296757860859318789e+01
1.330430435055059668e+01
1.362826585140658331e+01
1.393937587902173725e+01
1.423754422991656376e+01
1.452269555731205486e+01
1.479479165618045577e+01
1.505376460809301520e+01
1.529956135132148454e+01
1.553212139578734963e+01
1.575138860466152124e+01
1.595734653916327872e+01
1.614996825706082006e+01
1.632927138622383723e+01
1.649524384112101316e+01
1.664788096457129640e+01
1.678717809939362837e+01
1.691311573170644778e+01
1.702580062958244511e+01
1.712510928223656848e+01
1.721121531289375639e+01
1.728414377777394151e+01
1.734399401659958073e+01
1.739071680208810378e+01
1.742448575746445982e+01
1.744525165544608569e+01
1.745311383575542408e+01
1.744817163811491412e+01
1.743052440224700916e+01
1.740012290086913183e+01
1.735714075720623839e+01
1.730167731098076800e+01
1.723368333491015747e+01
1.715333245221935243e+01
1.706072400263079203e+01
1.695595732586691895e+01
1.683920604515267527e+01
1.671049521670800075e+01
1.657007274726033685e+01
1.641788940952713105e+01
1.625411882673331831e+01
1.607893462210384428e+01
1.589243613536114630e+01
1.569479698973017001e+01
1.548611652493335278e+01
1.526649408069314084e+01
1.503610328023447451e+01
1.479511774678229052e+01
1.454371110356153629e+01
1.428213125729965327e+01
1.401040326421658122e+01
1.372884931454226098e+01
1.343756874799913348e+01
1.313680947131464372e+01
1.282674510771373022e+01
1.250754928042133685e+01
1.217939561266240567e+01
1.184253201116437459e+01
1.149713209915218748e+01
1.114336949985078640e+01
1.078148149522280619e+01
1.041158858466915582e+01
1.003394920983094352e+01
9.648598961841768684e+00
9.255796282342737769e+00
8.855651045969958446e+00
8.448421694364528278e+00
8.034218102162558495e+00
7.613298711005148434e+00
7.185699112025903723e+00
6.751826313870929575e+00
6.311715907673829840e+00
5.865626335075706521e+00
5.413741754215167568e+00
4.956320606733316758e+00
4.493472767266254664e+00
4.025456677455089505e+00
3.552382211935925849e+00
3.074582095852364638e+00
2.592240487343012045e+00
2.105496974444973191e+00
1.614587713748601328e+00
1.119748861844250598e+00
6.212314320227754205e-01
1.192641525242802009e-01
-3.858945350101305460e-01
-8.940233306906036903e-01
-1.404856364525782775e+00
-1.918172336625814323e+00
-2.433735090400344969e+00
-2.951315897609269712e+00
-3.470686030012485546e+00
-3.991624187720137051e+00
-4.513894214141870087e+00
-5.037267381037576541e+00
-5.561529816867659903e+00
-6.086423079991010177e+00
-6.611707299642151092e+00
-7.137144833560675750e+00
-7.662489125465882012e+00
-8.187499561757261901e+00
-8.711922900638890965e+00
-9.235530413870662869e+00
-9.758063659811474722e+00
-1.027927905352071569e+01
-1.079892558170754135e+01
-1.131675965943134088e+01
-1.183253027340126273e+01
-1.234598641032645006e+01
-1.285688448526630090e+01
-1.336500258628460358e+01
-1.387017578006171981e+01
-1.437224594958190060e+01
-1.487106240617965547e+01
-1.536650417459048334e+01
-1.585837599604739268e+01
-1.634648261178338302e+01
-1.683079961508721212e+01
-1.731100546523763484e+01
-1.778707575552340359e+01
-1.825868894522326968e+01
-1.872582062762599620e+01
-1.918822354551283027e+01
-1.964572472516752910e+01
-2.009822547637634216e+01
-2.054562710892552602e+01
-2.098768236559634204e+01
-2.142429255617503259e+01
-2.185535899044785779e+01
-2.228063441119607191e+01
-2.270016869521093028e+01
-2.311364030177118778e+01
-2.352102482416559681e+01
-2.392207500517540808e+01
-2.431676643808938110e+01
-2.470492614919126595e+01
-2.508638116476482338e+01
-2.546095851109379993e+01
-2.582870806496945093e+01
-2.618930828567053837e+01
-2.654280904998830337e+01
-2.688896310070401441e+01
-2.722774603110642033e+01
-2.755898486747926768e+01
-2.788265520311132306e+01
-2.819850978078383008e+01
-2.850659847728805119e+01
-2.880667403540523708e+01
-2.909871204842414372e+01
-2.938268810963351285e+01
-2.965835496181461650e+01
-2.992568819825619997e+01
-3.018466341224702276e+01
-3.043510763007083852e+01
-3.067692216151388962e+01
-3.091015688336744560e+01
-3.113463882191525300e+01
-3.135026928694356840e+01
-3.155702387174114065e+01
-3.175480388609422988e+01
-3.194358981845131140e+01
-3.212338173789974860e+01
-3.229411032518412128e+01
-3.245570626104900214e+01
-3.260824879324400172e+01
-3.275174288601618144e+01
-3.288604493660763950e+01
-3.301123419276794380e+01
-3.312731561874418418e+01
-3.323429417878344339e+01
-3.333217483713281837e+01
-3.342088827453687117e+01
-3.350058802224770460e+01
-3.357120476100988071e+01
-3.363266917156800417e+01
-3.368513478517414228e+01
-3.372860656607539198e+01
-3.376301519501632242e+01
-3.378843991974652283e+01
-3.380488570451309016e+01
-3.381243179706559232e+01
-3.381108316165110494e+01
-3.380099332952173796e+01
-3.378209298142205341e+01
-3.375453564860413991e+01
-3.371840057881759378e+01
-3.367369273630946935e+01
-3.362049136882937717e+01
-3.355887572412689224e+01
-3.348885076644909731e+01
-3.341057002704807388e+01
-3.332411275367340409e+01
-3.322940962706968548e+01
-3.312668846199147765e+01
-3.301595422268588464e+01
-3.289728615690247437e+01
-3.277091207939584905e+01
-3.263683695441307719e+01
-3.249514002970374094e+01
-3.234597483651993599e+01
-3.218942062261123738e+01
-3.202555663572723432e+01
-3.185461069062249351e+01
-3.167651346804161960e+01
-3.149149278273918640e+01
-3.129962788246478311e+01
-3.110107229847047350e+01
-3.089583099500336516e+01
-3.068420607032053837e+01
-3.046620248866906167e+01
-3.024204073925598735e+01
-3.001176344209318358e+01
-2.977562874215248456e+01
-2.953367193389821921e+01
-2.928600259529720518e+01
-2.903280458781878437e+01
-2.877403892242478989e+01
-2.850996374408703815e+01
-2.824061434726986874e+01
-2.796610030994009932e+01
-2.768660549356707890e+01
-2.740223947611761446e+01
-2.711311183555855919e+01
-2.681925786635422426e+01
-2.652100999697894324e+01
-2.621840352189704504e+01
-2.591154801907536509e+01
-2.560070163348573047e+01
-2.528582537608996716e+01
-2.496725167536240875e+01
-2.464501582576738770e+01
-2.431930168877421750e+01
-2.399036740935475009e+01
-2.365817399847080083e+01
-2.332305388459669970e+01
-2.298504236219678276e+01
-2.264432329274037414e+01
-2.230108053769680154e+01
-2.195549795853540687e+01
-2.160761084972050128e+01
-2.125767735622392962e+01
-2.090580705601250955e+01
-2.055218381055558297e+01
-2.019691719781996753e+01
-1.984026536277750452e+01
-1.948241216689751454e+01
-1.912346718814682589e+01
-1.876376285499978280e+01
-1.840333446192069644e+01
-1.804244015388140099e+01
-1.768118950884873541e+01
-1.731991495529701908e+01
-1.695857750418808507e+01
-1.659743530049376403e+01
-1.623667220568338365e+01
-1.587647208122627340e+01
-1.551687022158676577e+01
-1.515827333874168659e+01
-1.480064244365286541e+01
-1.444430996479463758e+01
-1.408937415700132334e+01
-1.373603654958222187e+01
-1.338433878170915392e+01
-1.303439677605640057e+01
-1.268640073880077423e+01
-1.234031802561157853e+01
-1.199641312616810751e+01
-1.165472767964217127e+01
-1.131537760870806331e+01
-1.097840455253759195e+01
-1.064399871730755542e+01
-1.031220174218975849e+01
-9.983278116863498752e+00
-9.657195196998079822e+00
-9.334068905267802307e+00
-9.014163731351969133e+00
-8.697447030919882138e+00
-8.384109010148346641e+00
-8.074191308209158535e+00
-7.767884131279121362e+00
-7.465303402032537505e+00
-7.166416476138707914e+00
-6.871413559774434354e+00
-6.580410575614019209e+00
-6.293449162829261923e+00
-6.010719527596970480e+00
-5.732189025586437836e+00
-5.458047862974472864e+00
-5.188337678932875008e+00
-4.923248679638443370e+00
-4.662748220760484230e+00
-4.407100791978294296e+00
-4.156199465458680464e+00
-3.910234447378440503e+00
-3.669321660411877239e+00
-3.433428460228293400e+00
-3.202819336506990133e+00
-2.977387361414768119e+00
-2.757397024630930282e+00
-2.542741398322276858e+00
-2.333610688665614941e+00
-2.130046534832737315e+00
-1.932164859497952802e+00
-1.740007301833060405e+00
-1.553615501009862232e+00
-1.373031096200158618e+00
-1.198444293580755105e+00
-1.029896732323449138e+00
-8.672814845950437279e-01
-7.108630400748437994e-01
-5.605964925900135398e-01
-4.165290272539502459e-01
-2.787029956881624249e-01
-1.471310361131581146e-01
-2.181835839920149428e-02
9.721497088294811517e-02
2.099637418630309893e-01
3.164153163205361552e-01
4.165496276847035495e-01
5.103614660852734408e-01
5.978530500022329885e-01
6.790340262658234316e-01
7.538991850057843447e-01
8.224507447021049966e-01
8.846983521850254606e-01
9.406516542847860318e-01
9.903054411311235095e-01
1.033684216254778798e+00
1.070805054836241776e+00
1.101685032056002100e+00
1.126341223094549537e+00
1.144798131482624992e+00
1.157065404050464430e+00
1.163167544328809866e+00
1.163151340899149400e+00
1.157041297292223714e+00
1.144891630439773156e+00
1.126741700573035798e+00
1.102623439573001463e+00
1.072576207670910886e+00
1.036654221798501530e+00
9.949042705372646012e-01
9.473731424686904212e-01
8.941224828747659226e-01
8.351990803369823135e-01
7.706645801373296356e-01
7.005657708572957665e-01
6.249642977788715248e-01
5.439218061840465079e-01
4.575147980553101457e-01
3.658123470249012299e-01
2.688909550753105782e-01
1.668196958387768991e-01
5.966764294753974102e-02
-5.248127326566081469e-02
-1.695579791685856430e-01
-2.914785444284951899e-01
-4.181516103623993952e-01
-5.495006749878091901e-01
-6.854343796217349238e-01
-8.258884798435955910e-01
-9.707883346784444978e-01
-1.120064132362993625e+00
-1.273638632783705482e+00
-1.431419739126541524e+00
-1.593345067978463980e+00
-1.759329950875685222e+00
-1.929289719354417176e+00
-2.103147133301121130e+00
-2.280817524252009676e+00
-2.462208795393045602e+00
-2.647228849910189474e+00
-2.835800447689904580e+00
-3.027831491918152373e+00
-3.223229885780894310e+00
-3.421903532464093178e+00
-3.623760335153711765e+00
-3.828685911984960555e+00
-4.036588166143801892e+00
-4.247360144115699399e+00
-4.460894892386112254e+00
-4.677092885790755439e+00
-4.895847170815089022e+00
-5.117050793944574849e+00
-5.340581944964178263e+00
-5.566333670359357555e+00
-5.794191588265324988e+00
-6.024041316817294600e+00
-6.255768474150476877e+00
-6.489258678400084968e+00
-6.724397547701330247e+00
-6.961063271839173616e+00
-7.199134040598581308e+00
-7.438502900465010725e+00
-7.679055469573674131e+00
-7.920655081009036813e+00
-8.163202209606810200e+00
-8.406552760101202892e+00
-8.650577493926929762e+00
-8.895147172518701240e+00
-9.140132557311233086e+00
-9.385389553038731236e+00
-9.630796349486162811e+00
-9.876223708088240016e+00
-1.012152753357917057e+01
-1.036658601574391803e+01
-1.061127734436744774e+01
-1.085547228088446658e+01
-1.109904158672969032e+01
-1.134184859498758158e+01
-1.158378029427638545e+01
-1.182474401184698465e+01
-1.206463358873280001e+01
-1.230346914792149882e+01
-1.254101082014199875e+01
-1.277727872838197420e+01
-1.301221871212658776e+01
-1.324562804385601034e+01
-1.347752684655790922e+01
-1.370786095971745766e+01
-1.393642765581481946e+01
-1.416317277433516608e+01
-1.438811643826616482e+01
-1.461105592008798126e+01
-1.483201134278829336e+01
-1.505085426234976254e+01
-1.526745623475505909e+01
-1.548183738299185208e+01
-1.569379497954031066e+01
-1.590334914738810390e+01
-1.611037144251789499e+01
-1.631480770441485717e+01
-1.651652948906166429e+01
-1.671548263594347716e+01
-1.691161298454546724e+01
-1.710486637435280244e+01
-1.729504007784565545e+01
-1.748222850151418584e+01
-1.766622891783857341e+01
-1.784698716630398252e+01
-1.802444908639558108e+01
-1.819856051759853699e+01
-1.836926729939801817e+01
-1.853644098777669669e+01
-1.870002742221974046e+01
-1.885997244221231384e+01
-1.901614760373709245e+01
-1.916857302978174005e+01
-1.931712027632892870e+01
-1.946180946636632214e+01
-1.960251215587659601e+01
-1.973909990084241528e+01
-1.987166710775394307e+01
-2.000001104909136274e+01
-2.012415184784233091e+01
-2.024396105998951612e+01
-2.035945880852059275e+01
-2.047051664941822580e+01
-2.057708042216759026e+01
-2.067917024975634632e+01
-2.077666223146317748e+01
-2.086952492325331576e+01
-2.095780570789050046e+01
-2.104147768463597146e+01
-2.112043966924847282e+01
-2.119481332799424322e+01
-2.126457176013452610e+01
-2.132953949792556614e+01
-2.138991249113609427e+01
-2.144551527202235874e+01
-2.149646950685060531e+01
-2.154267401137956384e+01
-2.158417616837298425e+01
-2.162094907709210290e+01
-2.165296583679816678e+01
-2.168027383025491162e+01
-2.170284615672358441e+01
-2.172073019896792090e+01
-2.173389905624916452e+01
-2.174240011133105099e+01
-2.174613217997233505e+01
-2.174529121194174408e+01
-2.173970173949552986e+01
-2.172941114539742458e+01
-2.171454109591367754e+01
-2.169499040680302571e+01
-2.167080646082921191e+01
-2.164203664075597544e+01
-2.160865404584455618e+01
-2.157070605885870052e+01
-2.152824006256214417e+01
-2.148130343971863709e+01
-2.142994357309191145e+01
-2.137413356194321423e+01
-2.131392078903628118e+01
-2.124935263713486222e+01
-2.118047648900268598e+01
-2.110733972740350595e+01
-2.102991545159855491e+01
-2.094832532785407864e+01
-2.086254245543132058e+01
-2.077261421709401645e+01
-2.067866227910840848e+01
-2.058058545723324073e+01
-2.047857970123725480e+01
-2.037261811038168702e+01
-2.026274806743028734e+01
-2.014909123864928731e+01
-2.003162072329993748e+01
-1.991045818764846942e+01
-1.978557383459792618e+01
-1.965714913212601189e+01
-1.952513980134473925e+01
-1.938957584686862035e+01
-1.925056155681464887e+01
-1.910812693579734400e+01
-1.896237627193370301e+01
-1.881326528633573503e+01
-1.866089826712044442e+01
-1.850530521890234326e+01
-1.834651614629593652e+01
-1.818463533741822502e+01
-1.801969279688372083e+01
-1.785179281280942831e+01
-1.768096538980985244e+01
-1.750731481600200468e+01
-1.733094537950288938e+01
-1.715188708492701508e+01
-1.697024422039137903e+01
-1.678612107401299980e+01
-1.659947336690387232e+01
-1.641047967068351454e+01
-1.621924427346892372e+01
-1.602572289637211256e+01
-1.583001982751008541e+01
-1.563231363850234423e+01
-1.543256005046090529e+01
-1.523086335150276582e+01
-1.502732782974493908e+01
-1.482205777330442587e+01
-1.461508318679573293e+01
-1.440658264183837112e+01
-1.419658614304684718e+01
-1.398519797853816371e+01
-1.377244815292682922e+01
-1.355851523783235280e+01
-1.334335495436673469e+01
-1.312722015765198336e+01
-1.291006656880010972e+01
-1.269207275943061397e+01
-1.247326873415800996e+01
-1.225375878109929850e+01
-1.203364718837148573e+01
-1.181303824409158132e+01
-1.159203623637659142e+01
-1.137067116984101744e+01
-1.114919589960687496e+01
-1.092764043028866361e+01
-1.070610905000338953e+01
-1.048463176336556479e+01
-1.026338050406516089e+01
-1.004235208706903038e+01
-9.821610972916996474e+00
-9.601295905651371143e+00
-9.381322778806987728e+00
-9.161904619928661120e+00
-8.942957322551208676e+00
-8.724693914219459501e+00
-8.507104571970730333e+00
-8.290179472842339692e+00
-8.074131644379114903e+00
-7.858876980115869770e+00
-7.644628507597428957e+00
-7.431376403861113644e+00
-7.219110845944245902e+00
-7.008044861391640623e+00
-6.798094343738125822e+00
-6.589472320528517280e+00
-6.382094685297640346e+00
-6.176100182087811419e+00
-5.971553271438858168e+00
-5.768518413890594054e+00
-5.567060069982843196e+00
-5.367168416752928550e+00
-5.168982198243168291e+00
-4.972491591490883600e+00
-4.777835340538395315e+00
-4.585077905925525776e+00
-4.394209464689596167e+00
-4.205368760872926437e+00
-4.018545971512835990e+00
-3.833879840651646997e+00
-3.651434828829180468e+00
-3.471201113082759804e+00
-3.293317437454704510e+00
-3.117773978982333549e+00
-2.944635198205468818e+00
-2.773965555663931770e+00
-2.605829511897542083e+00
-2.440291527446122100e+00
-2.277341779346992556e+00
-2.117119011642475623e+00
-1.959687684872388314e+00
-1.804963692571556422e+00
-1.653160062284796172e+00
-1.504266971049433854e+00
-1.358304309303786095e+00
-1.215366250988676455e+00
-1.075487543242922506e+00
-9.387103615555982827e-01
-8.050802003366180903e-01
-6.746261162782754006e-01
-5.473656282932065631e-01
-4.233311119945482592e-01
-3.025326579446915298e-01
-1.849803567060198939e-01
-7.070658389167296110e-02
4.027856993596345969e-02
1.479501575140025338e-01
2.523055166303052599e-01
3.533197000219862605e-01
4.509751887764047451e-01
5.452841773819273596e-01
6.362142902254143140e-01
7.237777217952285902e-01
8.079569531787345049e-01
8.887493221637923213e-01
9.661373098377665780e-01
1.040125682338768121e+00
1.110719205804912679e+00
1.177907789673809491e+00
1.241696200083573842e+00
1.302081774822067217e+00
1.359061851677151767e+00
1.412641196786941444e+00
1.462824576289547762e+00
1.509609327972833759e+00
1.553007646325162749e+00
1.593031725834896717e+00
1.629671475939649117e+00
1.662939091127781266e+00
1.692839337537407784e+00
1.719399266357389822e+00
1.742623643725839777e+00
1.762524664131121188e+00
1.779129378762097202e+00
1.792449982107129358e+00
1.802506097004830554e+00
1.809309917943564106e+00
1.812881067761942244e+00
1.813246597648827230e+00
1.810433558793083542e+00
1.804454145683071831e+00
1.795340609352829908e+00
1.783108858465846547e+00
1.767785201375959403e+00
1.749398174942079498e+00
1.727979287363221594e+00
1.703559304003371855e+00
1.676168247391493837e+00
1.645835457183952633e+00
1.612585313041650092e+00
1.576441511752891378e+00
1.537433692786180472e+00
1.495594392666619532e+00
1.450955999352305792e+00
1.403550380816819265e+00
1.353409776451251600e+00
1.300566054229182811e+00
1.245053013495257543e+00
1.186906459248687540e+00
1.126166430648327887e+00
1.062869252677907550e+00
9.970542216612569009e-01
9.287591482521554420e-01
8.580218431043826754e-01
7.848838310468430057e-01
7.093933224236663726e-01
6.316029845891323324e-01
5.515639992274703474e-01
4.693275480229104901e-01
3.849470411647575308e-01
2.984721746671903375e-01
2.099563587195139303e-01
1.194500321709328905e-01
2.700586237572689258e-02
-6.732496898187399770e-02
-1.634905373826159025e-01
-2.614396611422686312e-01
-3.611196729065526134e-01
-4.624781281716960346e-01
-5.654552283671788748e-01
-6.699900606699442651e-01
-7.760214894064274560e-01
-8.834888988875810867e-01
-9.923301134708057969e-01
-1.102485260302079828e+00
-1.213893500841847661e+00
-1.326491768045480635e+00
-1.440217737703373135e+00
-1.555011314110995579e+00
-1.670807944553669211e+00
-1.787546790491838733e+00
-1.905166270550924912e+00
-2.023601832016247659e+00
-2.142783722327952667e+00
-2.262643674596235055e+00
-2.383102279405915347e+00
-2.504100183887488562e+00
-2.625559464295825762e+00
-2.747421799982914248e+00
-2.869625570836462636e+00
-2.992143616541794948e+00
-3.114926491733488234e+00
-3.237932179396367793e+00
-3.361133519215758980e+00
-3.484481065826236623e+00
-3.607932802212626910e+00
-3.731446711359755586e+00
-3.854980776252447061e+00
-3.978485551525278829e+00
-4.101919020163073526e+00
-4.225224308450159505e+00
-4.348366827721610761e+00
-4.471297132612003011e+00
-4.593958349405663277e+00
-4.716315889437664666e+00
-4.838312878992332422e+00
-4.959907301054494511e+00
-5.081057138608975343e+00
-5.201712946290350637e+00
-5.321817850382944748e+00
-5.441337262221835225e+00
-5.560214308091345536e+00
-5.678414399326552342e+00
-5.795880662211780887e+00
-5.912571079731857360e+00
-6.028443634871605283e+00
-6.143441453915352568e+00
-6.257522519847923625e+00
-6.370637387303894172e+00
-6.482744039268089509e+00
-6.593793030375083575e+00
-6.703734915259455640e+00
-6.812520248555776980e+00
-6.920099584898628642e+00
-7.026438335623080178e+00
-7.131479627013459499e+00
-7.235181442054592793e+00
-7.337509192081554943e+00
-7.438406003378671194e+00
-7.537837287281017318e+00
-7.635746170072921224e+00
-7.732105491439702938e+00
-7.826858377665693922e+00
-7.919977668436215090e+00
-8.011406490035593464e+00
-8.101102825448656120e+00
-8.189039514360727523e+00
-8.275159683056132920e+00
-8.359432232838010179e+00
-8.441832596531499533e+00
-8.522339696929806863e+00
-8.600947313526633664e+00
-8.677626940764936236e+00
-8.752372358138416075e+00
-8.825155060090024151e+00
-8.895968826113467287e+00
-8.964792579001949591e+00
-9.031612669898921197e+00
-9.096415449947839349e+00
-9.159194698642403765e+00
-9.219929338775822103e+00
-9.278605721491546277e+00
-9.335210197933026421e+00
-9.389773689345222607e+00
-9.442193406668581090e+00
-9.492529984549063826e+00
-9.540732632378864153e+00
-9.586899126555195494e+00
-9.630904392967755356e+00
-9.672771924511248898e+00
-9.712525214080377722e+00
-9.750113471067349380e+00
-9.785560188366865475e+00
-9.818888858873627612e+00
-9.850048691979843341e+00
-9.879063180580212489e+00
-9.905955817569440214e+00
-9.930675812339728736e+00
-9.953172374283283830e+00
-9.973543279797306482e+00
-9.991812021776501851e+00
-1.000785352611057455e+01
-1.002176556919672556e+01
-1.003349736042715890e+01
-1.004314667619907908e+01
-1.005058844240219074e+01
-1.005592043543369485e+01
-1.005909186468579719e+01
-1.006020050655569875e+01
-1.005919557043560530e+01
-1.005602626571771729e+01
-1.005086465230174397e+01
-1.004351137257488347e+01
-1.003413848643683970e+01
-1.002269520327982022e+01
-1.000927929950102602e+01
-9.993765700990158152e+00
-9.976177900641923557e+00
-9.956687432919999026e+00
-9.935092313031447020e+00
-9.911635731762304502e+00
-9.886115178883610355e+00
-9.858699561678902157e+00
-9.829334936924215782e+00
-9.798041644898088265e+00
-9.764840025879061969e+00
-9.729750420145666823e+00
-9.692867451478946350e+00
-9.654137176654936425e+00
-9.613505652449671146e+00
-9.571141786146691643e+00
-9.527065918024534952e+00
-9.481149821356734009e+00
-9.433562403426833498e+00
-9.384249721010865741e+00
-9.333232114387369549e+00
-9.280604207337379563e+00
-9.226386340139438147e+00
-9.170524569569579398e+00
-9.113113519408843288e+00
-9.054173529935765075e+00
-8.993724941428881792e+00
-8.931862377669231634e+00
-8.868531895432850476e+00
-8.803753834998278904e+00
-8.737697103649052721e+00
-8.670307758161207801e+00
-8.601606138813282953e+00
-8.531686869386318151e+00
-8.460496006656343937e+00
-8.388128174404405613e+00
-8.314603712909036659e+00
-8.239942962448774111e+00
-8.164240546804652610e+00
-8.087516806255216295e+00
-8.009717797576499265e+00
-7.931012428052037322e+00
-7.851421037960367499e+00
-7.770889684077532777e+00
-7.689512990184562469e+00
-7.607385580062501873e+00
-7.524527793989882696e+00
-7.440885688742746140e+00
-7.356628171604626232e+00
-7.271701299351562398e+00
-7.186199695764590167e+00
-7.100143701122250128e+00
-7.013627939205576034e+00
-6.926595449887136269e+00
-6.839200055933108757e+00
-6.751369712698701342e+00
-6.663255226046620905e+00
-6.574710267829574128e+00
-6.485885643910268783e+00
-6.396857876648913255e+00
-6.307554921400712722e+00
-6.218053300525876459e+00
-6.128280969379612309e+00
-6.038463017327124760e+00
-5.948453116221122272e+00
-5.858402071924312615e+00
-5.768237839791905408e+00
-5.678111225686603980e+00
-5.587950184963615285e+00
-5.497831239983149487e+00
-5.407756629602913812e+00
-5.317877159685615140e+00
-5.228046502083960156e+00
-5.138415462660655741e+00
-5.048986280273410010e+00
-4.959835477282429572e+00
-4.870965292545421654e+00
-4.782377964920095259e+00
-4.694150016766656108e+00
-4.606283686942811428e+00
-4.518825784407771273e+00
-4.431823118120739480e+00
-4.345307640340423383e+00
-4.259303874975282511e+00
-4.173843774284023311e+00
-4.088966718875602702e+00
-4.004697232658476658e+00
-3.921074696241607427e+00
-3.838131061883696127e+00
-3.755913138543953256e+00
-3.674452878481086149e+00
-3.593782233953803029e+00
-3.513933157220808123e+00
-3.434952457241311929e+00
-3.356872086274018674e+00
-3.279716568227387885e+00
-3.203517855360126454e+00
-3.128315328281191299e+00
-3.054140939249289310e+00
-2.981019212172880017e+00
-2.908989527660917229e+00
-2.838076409621861362e+00
-2.768319238664668003e+00
-2.699746342031651647e+00
-2.632364118549303189e+00
-2.566197627078468990e+00
-2.501242213078995746e+00
-2.437515507061482012e+00
-2.375020282836024066e+00
-2.313774170913218686e+00
-2.253772516752914346e+00
-2.195025522515456462e+00
-2.137550818711443590e+00
-2.081343750800721981e+00
-2.026414520943639275e+00
-1.972773331300541777e+00
-1.920422955681526878e+00
-1.869373596246943103e+00
-1.819628026806885179e+00
-1.771196449521702299e+00
-1.724089066551740768e+00
-1.678301223356847061e+00
-1.633843122097369704e+00
-1.590710108233154951e+00
-1.548919812274799801e+00
-1.508460151331901589e+00
-1.469341327564808175e+00
-1.431566114783614951e+00
-1.395129858448170390e+00
-1.360035332368571437e+00
-1.326285310354915481e+00
-1.293882566217298580e+00
-1.262815017065318735e+00
-1.233100293409572945e+00
-1.204726312359657658e+00
-1.177695847725671152e+00
-1.152004244967459901e+00
-1.127646849544871488e+00
-1.104626435268001750e+00
-1.082938347596698936e+00
-1.062570503640560160e+00
-1.043525677209682145e+00
-1.025799213763911588e+00
-1.009386458763097405e+00
-9.942753293168347106e-01
-9.804611708849715335e-01
-9.679393289273552359e-01
-9.567051489038322920e-01
-9.467391195737502319e-01
-9.380514430974558060e-01
-9.306151798840466283e-01
-9.244331037436190890e-01
-9.194857034355212733e-01
-9.157714627700354049e-01
-9.132865622586876508e-01
-9.120526058141888992e-01
-9.120763406487513159e-01
-9.133496572740857911e-01
-9.158867312526538518e-01
-9.196868814464174147e-01
-9.247642834178370075e-01
-9.311182560288755461e-01
-9.387481181414933928e-01
-9.476606169679021585e-01
-9.578624997203138980e-01
-9.693456569104390574e-01
-9.821168357504904689e-01
-9.961753551024287168e-01
-1.011520533828215163e+00
-1.028151690789811612e+00
-1.046068144849179538e+00
-1.065269214868280301e+00
-1.085754219709075485e+00
-1.107515049883276204e+00
-1.130551024252844483e+00
-1.154861461679741463e+00
-1.180438252675678701e+00
-1.207288144452867806e+00
-1.235395599172769865e+00
-1.264752507347096655e+00
-1.295358187837809760e+00
-1.327197102806370266e+00
-1.360275999464989782e+00
-1.394564483274630007e+00
-1.430076729797752355e+00
-1.466797201195818134e+00
-1.504710359630288652e+00
-1.543815523963125713e+00
-1.584097156355790625e+00
-1.625547147319995167e+00
-1.668164815717700478e+00
-1.711927195360118059e+00
-1.756826176758959690e+00
-1.802853650425936038e+00
-1.849994078522509300e+00
-1.898239351560391475e+00
-1.947566503350792733e+00
-1.997967424405425074e+00
-2.049434005236000278e+00
-2.101943279653729846e+00
-2.155487138170324002e+00
-2.210050042947246052e+00
-2.265616456145956636e+00
