# bin_1_1
3.043083368679332795e-02
2.580245445814514579e-02
2.120290180179193462e-02
1.767855776939439988e-02
1.469858854445347390e-02
1.227392670255568995e-02
1.029098933013238189e-02
8.652282666119308005e-03
7.273142655239624513e-03
6.088373298252438594e-03
5.052939427894288793e-03
4.138600704903913109e-03
3.330068986546112862e-03
2.620742803448386071e-03
2.008549415785505950e-03
1.492494016799806580e-03
1.070228100237842440e-03
7.364982761084208846e-04
4.832344729904755913e-04
3.002507205508559134e-04
