# theta
# unit = radians
3.299019795069245832e-04
4.158842370709659310e-04
5.236473395813885309e-04
6.593355757772254196e-04
8.301180041163841233e-04
1.045092852031304087e-03
1.315748529026973535e-03
1.656387097263572463e-03
2.085291995438406151e-03
2.625011594111178667e-03
3.304581928607113524e-03
4.159836461664764666e-03
5.236307828013005324e-03
6.591673764007187526e-03
8.296159048369259117e-03
1.044266526615742971e-02
1.314276280378804534e-02
1.653597625764090598e-02
2.081048142569250428e-02
2.617763983321740040e-02
