# bin_1_1
9.703235884358807914e-04
8.771555938603521835e-04
8.182184244204938721e-04
7.294952096846601865e-04
6.424939415728053499e-04
5.556575277906413606e-04
4.733343425555697984e-04
3.985124500067694329e-04
3.331127576375036157e-04
2.778221230171326649e-04
2.322605856582430684e-04
1.953274708201723137e-04
1.655273668003869958e-04
1.412628301779184244e-04
1.210636388481321399e-04
1.037293781870478765e-04
8.839175000556637478e-05
7.452094192662972309e-05
6.185825934591567704e-05
5.031903300875071173e-05
