# theta
# unit = radians
3.301699201498767061e-04
4.161182624755855263e-04
5.238882784689997268e-04
6.595169504266514080e-04
8.302914839873288752e-04
1.045238127507247799e-03
1.315825289371219979e-03
1.656540439650900070e-03
2.085213489925726114e-03
2.625127847756335286e-03
3.304638321728740804e-03
4.159638408232681391e-03
5.236710964389873837e-03
6.591527206877491503e-03
8.296219544389495798e-03
1.044288771183667780e-02
1.314120165486994292e-02
1.653602350143516114e-02
2.080988097525437661e-02
2.617363481236610612e-02
