# bin_1_1
4.121698325344163829e-05
4.468707615912450611e-05
4.303735421980844791e-05
4.248298009815416941e-05
4.071067575775803410e-05
3.818378735790117106e-05
3.503822597977741078e-05
3.146137361516453839e-05
2.766130487852813593e-05
2.385486121236287356e-05
2.023694416560426162e-05
1.695453161027599991e-05
1.409548473165401252e-05
1.168949089206640913e-05
9.717908942705038241e-06
8.128911069645694516e-06
6.853603909371952078e-06
5.820057451943940613e-06
4.963481157034678523e-06
4.232245428295262922e-06
